0.00000e+00	0.00000e+00	1.87500e-03
0.00000e+00	3.75000e-03	7.50000e-03
0.00000e+00	1.12500e-02	-2.62716e+28
0.00000e+00	1.87500e-02	-5.21509e+28
0.00000e+00	2.62500e-02	-8.07960e+28
0.00000e+00	3.37500e-02	-1.12927e+29
0.00000e+00	4.12500e-02	-1.48610e+29
0.00000e+00	4.87500e-02	-1.89076e+29
0.00000e+00	5.62500e-02	-2.36236e+29
0.00000e+00	6.37500e-02	-2.92207e+29
0.00000e+00	7.12500e-02	-3.59117e+29
0.00000e+00	7.87500e-02	-4.38336e+29
0.00000e+00	8.62500e-02	-5.28747e+29
0.00000e+00	9.37500e-02	-6.26135e+29
0.00000e+00	1.01250e-01	-6.16532e+29
0.00000e+00	1.08750e-01	-6.01754e+29
0.00000e+00	1.16250e-01	-5.88538e+29
0.00000e+00	1.23750e-01	-5.75079e+29
0.00000e+00	1.31250e-01	-5.49106e+29
0.00000e+00	1.38750e-01	-5.32221e+29
0.00000e+00	1.46250e-01	-5.18216e+29
0.00000e+00	1.53750e-01	-4.96041e+29
0.00000e+00	1.61250e-01	-4.66785e+29
0.00000e+00	1.68750e-01	-4.45572e+29
0.00000e+00	1.76250e-01	-4.19948e+29
0.00000e+00	1.83750e-01	-3.94937e+29
0.00000e+00	1.91250e-01	-3.70702e+29
0.00000e+00	1.98750e-01	-3.41518e+29
0.00000e+00	2.06250e-01	-3.19977e+29
0.00000e+00	2.13750e-01	-2.92626e+29
0.00000e+00	2.21250e-01	-2.64980e+29
0.00000e+00	2.28750e-01	-2.38992e+29
0.00000e+00	2.36250e-01	-2.15242e+29
0.00000e+00	2.43750e-01	-1.93405e+29
0.00000e+00	2.51250e-01	-1.73546e+29
0.00000e+00	2.58750e-01	-1.55817e+29
0.00000e+00	2.66250e-01	-1.40188e+29
0.00000e+00	2.73750e-01	-1.25580e+29
0.00000e+00	2.81250e-01	-1.09390e+29
0.00000e+00	2.88750e-01	-8.49280e+28
0.00000e+00	2.96250e-01	-6.42707e+28

1.25000e-02	0.00000e+00	2.81250e-03
1.25000e-02	3.75000e-03	1.12500e-02
1.25000e-02	1.12500e-02	-7.49683e+28
1.25000e-02	1.87500e-02	-1.57588e+29
1.25000e-02	2.62500e-02	-2.42249e+29
1.25000e-02	3.37500e-02	-3.30232e+29
1.25000e-02	4.12500e-02	-4.22458e+29
1.25000e-02	4.87500e-02	-5.19410e+29
1.25000e-02	5.62500e-02	-6.21225e+29
1.25000e-02	6.37500e-02	-7.27506e+29
1.25000e-02	7.12500e-02	-8.36504e+29
1.25000e-02	7.87500e-02	-9.44260e+29
1.25000e-02	8.62500e-02	-1.04434e+30
1.25000e-02	9.37500e-02	-1.12719e+30
1.25000e-02	1.01250e-01	-1.18082e+30
1.25000e-02	1.08750e-01	-1.21152e+30
1.25000e-02	1.16250e-01	-1.22467e+30
1.25000e-02	1.23750e-01	-1.22390e+30
1.25000e-02	1.31250e-01	-1.21158e+30
1.25000e-02	1.38750e-01	-1.19080e+30
1.25000e-02	1.46250e-01	-1.16294e+30
1.25000e-02	1.53750e-01	-1.12852e+30
1.25000e-02	1.61250e-01	-1.08841e+30
1.25000e-02	1.68750e-01	-1.04423e+30
1.25000e-02	1.76250e-01	-9.96527e+29
1.25000e-02	1.83750e-01	-9.46009e+29
1.25000e-02	1.91250e-01	-8.93076e+29
1.25000e-02	1.98750e-01	-8.37909e+29
1.25000e-02	2.06250e-01	-7.81385e+29
1.25000e-02	2.13750e-01	-7.23182e+29
1.25000e-02	2.21250e-01	-6.63841e+29
1.25000e-02	2.28750e-01	-6.03953e+29
1.25000e-02	2.36250e-01	-5.43892e+29
1.25000e-02	2.43750e-01	-4.83785e+29
1.25000e-02	2.51250e-01	-4.23617e+29
1.25000e-02	2.58750e-01	-3.63267e+29
1.25000e-02	2.66250e-01	-3.02493e+29
1.25000e-02	2.73750e-01	-2.40953e+29
1.25000e-02	2.81250e-01	-1.78401e+29
1.25000e-02	2.88750e-01	-1.14989e+29
1.25000e-02	2.96250e-01	-5.18255e+28

3.75000e-02	0.00000e+00	-2.62716e+28
3.75000e-02	3.75000e-03	-1.04302e+29
3.75000e-02	1.12500e-02	-1.43340e+29
3.75000e-02	1.87500e-02	-1.90674e+29
3.75000e-02	2.62500e-02	-2.34922e+29
3.75000e-02	3.37500e-02	-2.75728e+29
3.75000e-02	4.12500e-02	-3.16519e+29
3.75000e-02	4.87500e-02	-3.56223e+29
3.75000e-02	5.62500e-02	-3.90768e+29
3.75000e-02	6.37500e-02	-4.13316e+29
3.75000e-02	7.12500e-02	-4.11501e+29
3.75000e-02	7.87500e-02	-3.69252e+29
3.75000e-02	8.62500e-02	-7.97429e+28
3.75000e-02	9.37500e-02	2.48022e+29
3.75000e-02	1.01250e-01	1.79399e+29
3.75000e-02	1.08750e-01	1.13220e+29
3.75000e-02	1.16250e-01	6.24909e+28
3.75000e-02	1.23750e-01	2.27056e+28
3.75000e-02	1.31250e-01	-3.17445e+28
3.75000e-02	1.38750e-01	-5.87720e+28
3.75000e-02	1.46250e-01	-7.18597e+28
3.75000e-02	1.53750e-01	-9.40732e+28
3.75000e-02	1.61250e-01	-1.24099e+29
3.75000e-02	1.68750e-01	-1.32470e+29
3.75000e-02	1.76250e-01	-1.44802e+29
3.75000e-02	1.83750e-01	-1.51658e+29
3.75000e-02	1.91250e-01	-1.53238e+29
3.75000e-02	1.98750e-01	-1.61482e+29
3.75000e-02	2.06250e-01	-1.51684e+29
3.75000e-02	2.13750e-01	-1.51146e+29
3.75000e-02	2.21250e-01	-1.49222e+29
3.75000e-02	2.28750e-01	-1.42340e+29
3.75000e-02	2.36250e-01	-1.29637e+29
3.75000e-02	2.43750e-01	-1.12033e+29
3.75000e-02	2.51250e-01	-8.96347e+28
3.75000e-02	2.58750e-01	-6.23662e+28
3.75000e-02	2.66250e-01	-3.05608e+28
3.75000e-02	2.73750e-01	3.26894e+27
3.75000e-02	2.81250e-01	3.34640e+28
3.75000e-02	2.88750e-01	4.61173e+28
3.75000e-02	2.96250e-01	6.48190e+28

6.25000e-02	0.00000e+00	-3.74435e+28
6.25000e-02	3.75000e-03	-1.57463e+29
6.25000e-02	1.12500e-02	-1.72577e+29
6.25000e-02	1.87500e-02	-1.76155e+29
6.25000e-02	2.62500e-02	-1.79531e+29
6.25000e-02	3.37500e-02	-1.80353e+29
6.25000e-02	4.12500e-02	-1.76550e+29
6.25000e-02	4.87500e-02	-1.66255e+29
6.25000e-02	5.62500e-02	-1.46789e+29
6.25000e-02	6.37500e-02	-1.14170e+29
6.25000e-02	7.12500e-02	-6.44820e+28
6.25000e-02	7.87500e-02	4.97323e+27
6.25000e-02	8.62500e-02	9.44299e+28
6.25000e-02	9.37500e-02	1.79525e+29
6.25000e-02	1.01250e-01	2.31676e+29
6.25000e-02	1.08750e-01	2.60321e+29
6.25000e-02	1.16250e-01	2.73967e+29
6.25000e-02	1.23750e-01	2.76686e+29
6.25000e-02	1.31250e-01	2.71518e+29
6.25000e-02	1.38750e-01	2.63689e+29
6.25000e-02	1.46250e-01	2.54612e+29
6.25000e-02	1.53750e-01	2.43093e+29
6.25000e-02	1.61250e-01	2.29820e+29
6.25000e-02	1.68750e-01	2.16805e+29
6.25000e-02	1.76250e-01	2.04202e+29
6.25000e-02	1.83750e-01	1.92776e+29
6.25000e-02	1.91250e-01	1.81969e+29
6.25000e-02	1.98750e-01	1.72021e+29
6.25000e-02	2.06250e-01	1.63737e+29
6.25000e-02	2.13750e-01	1.55495e+29
6.25000e-02	2.21250e-01	1.47654e+29
6.25000e-02	2.28750e-01	1.40943e+29
6.25000e-02	2.36250e-01	1.35809e+29
6.25000e-02	2.43750e-01	1.32309e+29
6.25000e-02	2.51250e-01	1.30380e+29
6.25000e-02	2.58750e-01	1.29881e+29
6.25000e-02	2.66250e-01	1.30350e+29
6.25000e-02	2.73750e-01	1.30724e+29
6.25000e-02	2.81250e-01	1.29216e+29
6.25000e-02	2.88750e-01	1.14979e+29
6.25000e-02	2.96250e-01	2.37195e+28

8.75000e-02	0.00000e+00	-4.33662e+28
8.75000e-02	3.75000e-03	-1.73266e+29
8.75000e-02	1.12500e-02	-1.54336e+29
8.75000e-02	1.87500e-02	-1.40637e+29
8.75000e-02	2.62500e-02	-1.24838e+29
8.75000e-02	3.37500e-02	-1.06222e+29
8.75000e-02	4.12500e-02	-8.40427e+28
8.75000e-02	4.87500e-02	-5.75587e+28
8.75000e-02	5.62500e-02	-2.60530e+28
8.75000e-02	6.37500e-02	1.09667e+28
8.75000e-02	7.12500e-02	5.33996e+28
8.75000e-02	7.87500e-02	1.00152e+29
8.75000e-02	8.62500e-02	1.48699e+29
8.75000e-02	9.37500e-02	1.94717e+29
8.75000e-02	1.01250e-01	2.34130e+29
8.75000e-02	1.08750e-01	2.65497e+29
8.75000e-02	1.16250e-01	2.88858e+29
8.75000e-02	1.23750e-01	3.04939e+29
8.75000e-02	1.31250e-01	3.14747e+29
8.75000e-02	1.38750e-01	3.19393e+29
8.75000e-02	1.46250e-01	3.19917e+29
8.75000e-02	1.53750e-01	3.17200e+29
8.75000e-02	1.61250e-01	3.11957e+29
8.75000e-02	1.68750e-01	3.04801e+29
8.75000e-02	1.76250e-01	2.96267e+29
8.75000e-02	1.83750e-01	2.86743e+29
8.75000e-02	1.91250e-01	2.76459e+29
8.75000e-02	1.98750e-01	2.65667e+29
8.75000e-02	2.06250e-01	2.54595e+29
8.75000e-02	2.13750e-01	2.43378e+29
8.75000e-02	2.21250e-01	2.32183e+29
8.75000e-02	2.28750e-01	2.21109e+29
8.75000e-02	2.36250e-01	2.10229e+29
8.75000e-02	2.43750e-01	1.99596e+29
8.75000e-02	2.51250e-01	1.89166e+29
8.75000e-02	2.58750e-01	1.78819e+29
8.75000e-02	2.66250e-01	1.68438e+29
8.75000e-02	2.73750e-01	1.58031e+29
8.75000e-02	2.81250e-01	1.47805e+29
8.75000e-02	2.88750e-01	1.44057e+29
8.75000e-02	2.96250e-01	4.84805e+28

1.12500e-01	0.00000e+00	-4.01170e+28
1.12500e-01	3.75000e-03	-1.61004e+29
1.12500e-01	1.12500e-02	-1.40189e+29
1.12500e-01	1.87500e-02	-1.16560e+29
1.12500e-01	2.62500e-02	-9.19044e+28
1.12500e-01	3.37500e-02	-6.58976e+28
1.12500e-01	4.12500e-02	-3.82475e+28
1.12500e-01	4.87500e-02	-8.75616e+27
1.12500e-01	5.62500e-02	2.26370e+28
1.12500e-01	6.37500e-02	5.57629e+28
1.12500e-01	7.12500e-02	9.01860e+28
1.12500e-01	7.87500e-02	1.25170e+29
1.12500e-01	8.62500e-02	1.59656e+29
1.12500e-01	9.37500e-02	1.92386e+29
1.12500e-01	1.01250e-01	2.22181e+29
1.12500e-01	1.08750e-01	2.48208e+29
1.12500e-01	1.16250e-01	2.70024e+29
1.12500e-01	1.23750e-01	2.87502e+29
1.12500e-01	1.31250e-01	3.00749e+29
1.12500e-01	1.38750e-01	3.10041e+29
1.12500e-01	1.46250e-01	3.15777e+29
1.12500e-01	1.53750e-01	3.18393e+29
1.12500e-01	1.61250e-01	3.18289e+29
1.12500e-01	1.68750e-01	3.15817e+29
1.12500e-01	1.76250e-01	3.11300e+29
1.12500e-01	1.83750e-01	3.05056e+29
1.12500e-01	1.91250e-01	2.97378e+29
1.12500e-01	1.98750e-01	2.88517e+29
1.12500e-01	2.06250e-01	2.78687e+29
1.12500e-01	2.13750e-01	2.68080e+29
1.12500e-01	2.21250e-01	2.56825e+29
1.12500e-01	2.28750e-01	2.45010e+29
1.12500e-01	2.36250e-01	2.32756e+29
1.12500e-01	2.43750e-01	2.20219e+29
1.12500e-01	2.51250e-01	2.07505e+29
1.12500e-01	2.58750e-01	1.94647e+29
1.12500e-01	2.66250e-01	1.81690e+29
1.12500e-01	2.73750e-01	1.68777e+29
1.12500e-01	2.81250e-01	1.56091e+29
1.12500e-01	2.88750e-01	1.36326e+29
1.12500e-01	2.96250e-01	3.49224e+28

1.37500e-01	0.00000e+00	-3.35474e+28
1.37500e-01	3.75000e-03	-1.38102e+29
1.37500e-01	1.12500e-02	-1.24691e+29
1.37500e-01	1.87500e-02	-9.76912e+28
1.37500e-01	2.62500e-02	-7.09453e+28
1.37500e-01	3.37500e-02	-4.40706e+28
1.37500e-01	4.12500e-02	-1.68456e+28
1.37500e-01	4.87500e-02	1.08153e+28
1.37500e-01	5.62500e-02	3.88769e+28
1.37500e-01	6.37500e-02	6.71765e+28
1.37500e-01	7.12500e-02	9.54285e+28
1.37500e-01	7.87500e-02	1.23244e+29
1.37500e-01	8.62500e-02	1.50148e+29
1.37500e-01	9.37500e-02	1.75622e+29
1.37500e-01	1.01250e-01	1.99177e+29
1.37500e-01	1.08750e-01	2.20408e+29
1.37500e-01	1.16250e-01	2.39026e+29
1.37500e-01	1.23750e-01	2.54852e+29
1.37500e-01	1.31250e-01	2.67817e+29
1.37500e-01	1.38750e-01	2.77962e+29
1.37500e-01	1.46250e-01	2.85394e+29
1.37500e-01	1.53750e-01	2.90253e+29
1.37500e-01	1.61250e-01	2.92709e+29
1.37500e-01	1.68750e-01	2.92959e+29
1.37500e-01	1.76250e-01	2.91220e+29
1.37500e-01	1.83750e-01	2.87701e+29
1.37500e-01	1.91250e-01	2.82583e+29
1.37500e-01	1.98750e-01	2.76034e+29
1.37500e-01	2.06250e-01	2.68224e+29
1.37500e-01	2.13750e-01	2.59315e+29
1.37500e-01	2.21250e-01	2.49454e+29
1.37500e-01	2.28750e-01	2.38776e+29
1.37500e-01	2.36250e-01	2.27397e+29
1.37500e-01	2.43750e-01	2.15422e+29
1.37500e-01	2.51250e-01	2.02937e+29
1.37500e-01	2.58750e-01	1.90015e+29
1.37500e-01	2.66250e-01	1.76742e+29
1.37500e-01	2.73750e-01	1.63226e+29
1.37500e-01	2.81250e-01	1.49565e+29
1.37500e-01	2.88750e-01	1.25726e+29
1.37500e-01	2.96250e-01	2.98249e+28

1.62500e-01	0.00000e+00	-2.96099e+28
1.62500e-01	3.75000e-03	-1.17346e+29
1.62500e-01	1.12500e-02	-9.45576e+28
1.62500e-01	1.87500e-02	-7.29469e+28
1.62500e-01	2.62500e-02	-5.06744e+28
1.62500e-01	3.37500e-02	-2.78848e+28
1.62500e-01	4.12500e-02	-4.70775e+27
1.62500e-01	4.87500e-02	1.87101e+28
1.62500e-01	5.62500e-02	4.21971e+28
1.62500e-01	6.37500e-02	6.55639e+28
1.62500e-01	7.12500e-02	8.85867e+28
1.62500e-01	7.87500e-02	1.11004e+29
1.62500e-01	8.62500e-02	1.32542e+29
1.62500e-01	9.37500e-02	1.52932e+29
1.62500e-01	1.01250e-01	1.71923e+29
1.62500e-01	1.08750e-01	1.89288e+29
1.62500e-01	1.16250e-01	2.04837e+29
1.62500e-01	1.23750e-01	2.18430e+29
1.62500e-01	1.31250e-01	2.29993e+29
1.62500e-01	1.38750e-01	2.39495e+29
1.62500e-01	1.46250e-01	2.46939e+29
1.62500e-01	1.53750e-01	2.52359e+29
1.62500e-01	1.61250e-01	2.55834e+29
1.62500e-01	1.68750e-01	2.57460e+29
1.62500e-01	1.76250e-01	2.57350e+29
1.62500e-01	1.83750e-01	2.55624e+29
1.62500e-01	1.91250e-01	2.52392e+29
1.62500e-01	1.98750e-01	2.47761e+29
1.62500e-01	2.06250e-01	2.41854e+29
1.62500e-01	2.13750e-01	2.34795e+29
1.62500e-01	2.21250e-01	2.26705e+29
1.62500e-01	2.28750e-01	2.17687e+29
1.62500e-01	2.36250e-01	2.07834e+29
1.62500e-01	2.43750e-01	1.97223e+29
1.62500e-01	2.51250e-01	1.85929e+29
1.62500e-01	2.58750e-01	1.74028e+29
1.62500e-01	2.66250e-01	1.61581e+29
1.62500e-01	2.73750e-01	1.48633e+29
1.62500e-01	2.81250e-01	1.35208e+29
1.62500e-01	2.88750e-01	1.19793e+29
1.62500e-01	2.96250e-01	3.48254e+28

1.87500e-01	0.00000e+00	-2.54531e+28
1.87500e-01	3.75000e-03	-9.74327e+28
1.87500e-01	1.12500e-02	-7.08034e+28
1.87500e-01	1.87500e-02	-5.40789e+28
1.87500e-01	2.62500e-02	-3.62559e+28
1.87500e-01	3.37500e-02	-1.77132e+28
1.87500e-01	4.12500e-02	1.27225e+27
1.87500e-01	4.87500e-02	2.04746e+28
1.87500e-01	5.62500e-02	3.96878e+28
1.87500e-01	6.37500e-02	5.87179e+28
1.87500e-01	7.12500e-02	7.73804e+28
1.87500e-01	7.87500e-02	9.54894e+28
1.87500e-01	8.62500e-02	1.12866e+29
1.87500e-01	9.37500e-02	1.29339e+29
1.87500e-01	1.01250e-01	1.44747e+29
1.87500e-01	1.08750e-01	1.58946e+29
1.87500e-01	1.16250e-01	1.71806e+29
1.87500e-01	1.23750e-01	1.83231e+29
1.87500e-01	1.31250e-01	1.93152e+29
1.87500e-01	1.38750e-01	2.01519e+29
1.87500e-01	1.46250e-01	2.08312e+29
1.87500e-01	1.53750e-01	2.13536e+29
1.87500e-01	1.61250e-01	2.17218e+29
1.87500e-01	1.68750e-01	2.19398e+29
1.87500e-01	1.76250e-01	2.20127e+29
1.87500e-01	1.83750e-01	2.19472e+29
1.87500e-01	1.91250e-01	2.17504e+29
1.87500e-01	1.98750e-01	2.14295e+29
1.87500e-01	2.06250e-01	2.09920e+29
1.87500e-01	2.13750e-01	2.04460e+29
1.87500e-01	2.21250e-01	1.97998e+29
1.87500e-01	2.28750e-01	1.90615e+29
1.87500e-01	2.36250e-01	1.82385e+29
1.87500e-01	2.43750e-01	1.73379e+29
1.87500e-01	2.51250e-01	1.63666e+29
1.87500e-01	2.58750e-01	1.53314e+29
1.87500e-01	2.66250e-01	1.42387e+29
1.87500e-01	2.73750e-01	1.30943e+29
1.87500e-01	2.81250e-01	1.19037e+29
1.87500e-01	2.88750e-01	1.06994e+29
1.87500e-01	2.96250e-01	3.30655e+28

2.12500e-01	0.00000e+00	-1.91300e+28
2.12500e-01	3.75000e-03	-7.66365e+28
2.12500e-01	1.12500e-02	-6.29249e+28
2.12500e-01	1.87500e-02	-4.63108e+28
2.12500e-01	2.62500e-02	-2.99496e+28
2.12500e-01	3.37500e-02	-1.36979e+28
2.12500e-01	4.12500e-02	2.47377e+27
2.12500e-01	4.87500e-02	1.85318e+28
2.12500e-01	5.62500e-02	3.44059e+28
2.12500e-01	6.37500e-02	5.00008e+28
2.12500e-01	7.12500e-02	6.52079e+28
2.12500e-01	7.87500e-02	7.99147e+28
2.12500e-01	8.62500e-02	9.40068e+28
2.12500e-01	9.37500e-02	1.07367e+29
2.12500e-01	1.01250e-01	1.19885e+29
2.12500e-01	1.08750e-01	1.31466e+29
2.12500e-01	1.16250e-01	1.42030e+29
2.12500e-01	1.23750e-01	1.51509e+29
2.12500e-01	1.31250e-01	1.59844e+29
2.12500e-01	1.38750e-01	1.66989e+29
2.12500e-01	1.46250e-01	1.72920e+29
2.12500e-01	1.53750e-01	1.77625e+29
2.12500e-01	1.61250e-01	1.81107e+29
2.12500e-01	1.68750e-01	1.83383e+29
2.12500e-01	1.76250e-01	1.84474e+29
2.12500e-01	1.83750e-01	1.84413e+29
2.12500e-01	1.91250e-01	1.83242e+29
2.12500e-01	1.98750e-01	1.81006e+29
2.12500e-01	2.06250e-01	1.77755e+29
2.12500e-01	2.13750e-01	1.73544e+29
2.12500e-01	2.21250e-01	1.68428e+29
2.12500e-01	2.28750e-01	1.62466e+29
2.12500e-01	2.36250e-01	1.55715e+29
2.12500e-01	2.43750e-01	1.48233e+29
2.12500e-01	2.51250e-01	1.40076e+29
2.12500e-01	2.58750e-01	1.31299e+29
2.12500e-01	2.66250e-01	1.21958e+29
2.12500e-01	2.73750e-01	1.12103e+29
2.12500e-01	2.81250e-01	1.01785e+29
2.12500e-01	2.88750e-01	9.15249e+28
2.12500e-01	2.96250e-01	2.88725e+28

2.37500e-01	0.00000e+00	-1.45085e+28
2.37500e-01	3.75000e-03	-5.99739e+28
2.37500e-01	1.12500e-02	-4.72245e+28
2.37500e-01	1.87500e-02	-3.51116e+28
2.37500e-01	2.62500e-02	-2.25294e+28
2.37500e-01	3.37500e-02	-9.67447e+27
2.37500e-01	4.12500e-02	3.30122e+27
2.37500e-01	4.87500e-02	1.62702e+28
2.37500e-01	5.62500e-02	2.91203e+28
2.37500e-01	6.37500e-02	4.17489e+28
2.37500e-01	7.12500e-02	5.40557e+28
2.37500e-01	7.87500e-02	6.59477e+28
2.37500e-01	8.62500e-02	7.73398e+28
2.37500e-01	9.37500e-02	8.81513e+28
2.37500e-01	1.01250e-01	9.83065e+28
2.37500e-01	1.08750e-01	1.07732e+29
2.37500e-01	1.16250e-01	1.16362e+29
2.37500e-01	1.23750e-01	1.24147e+29
2.37500e-01	1.31250e-01	1.31043e+29
2.37500e-01	1.38750e-01	1.37016e+29
2.37500e-01	1.46250e-01	1.42045e+29
2.37500e-01	1.53750e-01	1.46111e+29
2.37500e-01	1.61250e-01	1.49207e+29
2.37500e-01	1.68750e-01	1.51336e+29
2.37500e-01	1.76250e-01	1.52505e+29
2.37500e-01	1.83750e-01	1.52730e+29
2.37500e-01	1.91250e-01	1.52036e+29
2.37500e-01	1.98750e-01	1.50450e+29
2.37500e-01	2.06250e-01	1.48003e+29
2.37500e-01	2.13750e-01	1.44733e+29
2.37500e-01	2.21250e-01	1.40678e+29
2.37500e-01	2.28750e-01	1.35879e+29
2.37500e-01	2.36250e-01	1.30379e+29
2.37500e-01	2.43750e-01	1.24220e+29
2.37500e-01	2.51250e-01	1.17447e+29
2.37500e-01	2.58750e-01	1.10104e+29
2.37500e-01	2.66250e-01	1.02233e+29
2.37500e-01	2.73750e-01	9.38776e+28
2.37500e-01	2.81250e-01	8.50790e+28
2.37500e-01	2.88750e-01	7.62891e+28
2.37500e-01	2.96250e-01	2.43084e+28

2.62500e-01	0.00000e+00	-1.25510e+28
2.62500e-01	3.75000e-03	-4.84172e+28
2.62500e-01	1.12500e-02	-3.90068e+28
2.62500e-01	1.87500e-02	-2.88106e+28
2.62500e-01	2.62500e-02	-1.82866e+28
2.62500e-01	3.37500e-02	-7.61064e+27
2.62500e-01	4.12500e-02	3.09233e+27
2.62500e-01	4.87500e-02	1.37263e+28
2.62500e-01	5.62500e-02	2.42115e+28
2.62500e-01	6.37500e-02	3.44761e+28
2.62500e-01	7.12500e-02	4.44533e+28
2.62500e-01	7.87500e-02	5.40777e+28
2.62500e-01	8.62500e-02	6.32855e+28
2.62500e-01	9.37500e-02	7.20181e+28
2.62500e-01	1.01250e-01	8.02234e+28
2.62500e-01	1.08750e-01	8.78519e+28
2.62500e-01	1.16250e-01	9.48570e+28
2.62500e-01	1.23750e-01	1.01198e+29
2.62500e-01	1.31250e-01	1.06840e+29
2.62500e-01	1.38750e-01	1.11757e+29
2.62500e-01	1.46250e-01	1.15929e+29
2.62500e-01	1.53750e-01	1.19341e+29
2.62500e-01	1.61250e-01	1.21984e+29
2.62500e-01	1.68750e-01	1.23851e+29
2.62500e-01	1.76250e-01	1.24945e+29
2.62500e-01	1.83750e-01	1.25273e+29
2.62500e-01	1.91250e-01	1.24847e+29
2.62500e-01	1.98750e-01	1.23684e+29
2.62500e-01	2.06250e-01	1.21804e+29
2.62500e-01	2.13750e-01	1.19233e+29
2.62500e-01	2.21250e-01	1.15996e+29
2.62500e-01	2.28750e-01	1.12123e+29
2.62500e-01	2.36250e-01	1.07644e+29
2.62500e-01	2.43750e-01	1.02592e+29
2.62500e-01	2.51250e-01	9.70015e+28
2.62500e-01	2.58750e-01	9.09055e+28
2.62500e-01	2.66250e-01	8.43394e+28
2.62500e-01	2.73750e-01	7.73382e+28
2.62500e-01	2.81250e-01	6.99368e+28
2.62500e-01	2.88750e-01	6.24947e+28
2.62500e-01	2.96250e-01	2.00562e+28

2.87500e-01	0.00000e+00	-7.50164e+27
2.87500e-01	3.75000e-03	-3.53107e+28
2.87500e-01	1.12500e-02	-3.68502e+28
2.87500e-01	1.87500e-02	-2.59788e+28
2.87500e-01	2.62500e-02	-1.59256e+28
2.87500e-01	3.37500e-02	-6.39337e+27
2.87500e-01	4.12500e-02	2.77541e+27
2.87500e-01	4.87500e-02	1.16570e+28
2.87500e-01	5.62500e-02	2.02777e+28
2.87500e-01	6.37500e-02	2.86334e+28
2.87500e-01	7.12500e-02	3.67046e+28
2.87500e-01	7.87500e-02	4.44614e+28
2.87500e-01	8.62500e-02	5.18679e+28
2.87500e-01	9.37500e-02	5.88862e+28
2.87500e-01	1.01250e-01	6.54785e+28
2.87500e-01	1.08750e-01	7.16105e+28
2.87500e-01	1.16250e-01	7.72488e+28
2.87500e-01	1.23750e-01	8.23612e+28
2.87500e-01	1.31250e-01	8.69221e+28
2.87500e-01	1.38750e-01	9.09105e+28
2.87500e-01	1.46250e-01	9.43087e+28
2.87500e-01	1.53750e-01	9.71043e+28
2.87500e-01	1.61250e-01	9.92877e+28
2.87500e-01	1.68750e-01	1.00852e+29
2.87500e-01	1.76250e-01	1.01794e+29
2.87500e-01	1.83750e-01	1.02117e+29
2.87500e-01	1.91250e-01	1.01827e+29
2.87500e-01	1.98750e-01	1.00935e+29
2.87500e-01	2.06250e-01	9.94536e+28
2.87500e-01	2.13750e-01	9.73982e+28
2.87500e-01	2.21250e-01	9.47877e+28
2.87500e-01	2.28750e-01	9.16427e+28
2.87500e-01	2.36250e-01	8.79859e+28
2.87500e-01	2.43750e-01	8.38418e+28
2.87500e-01	2.51250e-01	7.92365e+28
2.87500e-01	2.58750e-01	7.41973e+28
2.87500e-01	2.66250e-01	6.87523e+28
2.87500e-01	2.73750e-01	6.29310e+28
2.87500e-01	2.81250e-01	5.67631e+28
2.87500e-01	2.88750e-01	5.05279e+28
2.87500e-01	2.96250e-01	1.63255e+28

3.12500e-01	0.00000e+00	-8.74266e+27
3.12500e-01	3.75000e-03	-3.09419e+28
3.12500e-01	1.12500e-02	-1.98282e+28
3.12500e-01	1.87500e-02	-1.42932e+28
3.12500e-01	2.62500e-02	-8.16737e+27
3.12500e-01	3.37500e-02	-1.71547e+27
3.12500e-01	4.12500e-02	4.89278e+27
3.12500e-01	4.87500e-02	1.15418e+28
3.12500e-01	5.62500e-02	1.81456e+28
3.12500e-01	6.37500e-02	2.46369e+28
3.12500e-01	7.12500e-02	3.09606e+28
3.12500e-01	7.87500e-02	3.70697e+28
3.12500e-01	8.62500e-02	4.29231e+28
3.12500e-01	9.37500e-02	4.84837e+28
3.12500e-01	1.01250e-01	5.37156e+28
3.12500e-01	1.08750e-01	5.85863e+28
3.12500e-01	1.16250e-01	6.30687e+28
3.12500e-01	1.23750e-01	6.71395e+28
3.12500e-01	1.31250e-01	7.07777e+28
3.12500e-01	1.38750e-01	7.39643e+28
3.12500e-01	1.46250e-01	7.66837e+28
3.12500e-01	1.53750e-01	7.89230e+28
3.12500e-01	1.61250e-01	8.06732e+28
3.12500e-01	1.68750e-01	8.19290e+28
3.12500e-01	1.76250e-01	8.26879e+28
3.12500e-01	1.83750e-01	8.29500e+28
3.12500e-01	1.91250e-01	8.27179e+28
3.12500e-01	1.98750e-01	8.19969e+28
3.12500e-01	2.06250e-01	8.07947e+28
3.12500e-01	2.13750e-01	7.91218e+28
3.12500e-01	2.21250e-01	7.69906e+28
3.12500e-01	2.28750e-01	7.44159e+28
3.12500e-01	2.36250e-01	7.14145e+28
3.12500e-01	2.43750e-01	6.80048e+28
3.12500e-01	2.51250e-01	6.42074e+28
3.12500e-01	2.58750e-01	6.00440e+28
3.12500e-01	2.66250e-01	5.55380e+28
3.12500e-01	2.73750e-01	5.07140e+28
3.12500e-01	2.81250e-01	4.55976e+28
3.12500e-01	2.88750e-01	4.04034e+28
3.12500e-01	2.96250e-01	1.31545e+28

3.37500e-01	0.00000e+00	-6.07225e+27
3.37500e-01	3.75000e-03	-2.32485e+28
3.37500e-01	1.12500e-02	-1.41672e+28
3.37500e-01	1.87500e-02	-9.31364e+27
3.37500e-01	2.62500e-02	-4.31637e+27
3.37500e-01	3.37500e-02	7.98682e+26
3.37500e-01	4.12500e-02	5.98536e+27
3.37500e-01	4.87500e-02	1.11925e+28
3.37500e-01	5.62500e-02	1.63693e+28
3.37500e-01	6.37500e-02	2.14665e+28
3.37500e-01	7.12500e-02	2.64388e+28
3.37500e-01	7.87500e-02	3.12478e+28
3.37500e-01	8.62500e-02	3.58588e+28
3.37500e-01	9.37500e-02	4.02398e+28
3.37500e-01	1.01250e-01	4.43622e+28
3.37500e-01	1.08750e-01	4.81999e+28
3.37500e-01	1.16250e-01	5.17307e+28
3.37500e-01	1.23750e-01	5.49360e+28
3.37500e-01	1.31250e-01	5.77988e+28
3.37500e-01	1.38750e-01	6.03033e+28
3.37500e-01	1.46250e-01	6.24362e+28
3.37500e-01	1.53750e-01	6.41879e+28
3.37500e-01	1.61250e-01	6.55516e+28
3.37500e-01	1.68750e-01	6.65226e+28
3.37500e-01	1.76250e-01	6.70981e+28
3.37500e-01	1.83750e-01	6.72769e+28
3.37500e-01	1.91250e-01	6.70595e+28
3.37500e-01	1.98750e-01	6.64482e+28
3.37500e-01	2.06250e-01	6.54468e+28
3.37500e-01	2.13750e-01	6.40614e+28
3.37500e-01	2.21250e-01	6.23000e+28
3.37500e-01	2.28750e-01	6.01726e+28
3.37500e-01	2.36250e-01	5.76913e+28
3.37500e-01	2.43750e-01	5.48705e+28
3.37500e-01	2.51250e-01	5.17260e+28
3.37500e-01	2.58750e-01	4.82759e+28
3.37500e-01	2.66250e-01	4.45396e+28
3.37500e-01	2.73750e-01	4.05381e+28
3.37500e-01	2.81250e-01	3.62937e+28
3.37500e-01	2.88750e-01	3.19692e+28
3.37500e-01	2.96250e-01	1.05111e+28

3.62500e-01	0.00000e+00	-5.08874e+27
3.62500e-01	3.75000e-03	-1.79218e+28
3.62500e-01	1.12500e-02	-9.72341e+27
3.62500e-01	1.87500e-02	-6.05569e+27
3.62500e-01	2.62500e-02	-2.06500e+27
3.62500e-01	3.37500e-02	2.09008e+27
3.62500e-01	4.12500e-02	6.31111e+27
3.62500e-01	4.87500e-02	1.05312e+28
3.62500e-01	5.62500e-02	1.47023e+28
3.62500e-01	6.37500e-02	1.87863e+28
3.62500e-01	7.12500e-02	2.27501e+28
3.62500e-01	7.87500e-02	2.65652e+28
3.62500e-01	8.62500e-02	3.02077e+28
3.62500e-01	9.37500e-02	3.36564e+28
3.62500e-01	1.01250e-01	3.68929e+28
3.62500e-01	1.08750e-01	3.98993e+28
3.62500e-01	1.16250e-01	4.26573e+28
3.62500e-01	1.23750e-01	4.51507e+28
3.62500e-01	1.31250e-01	4.73671e+28
3.62500e-01	1.38750e-01	4.92965e+28
3.62500e-01	1.46250e-01	5.09302e+28
3.62500e-01	1.53750e-01	5.22619e+28
3.62500e-01	1.61250e-01	5.32882e+28
3.62500e-01	1.68750e-01	5.40070e+28
3.62500e-01	1.76250e-01	5.44165e+28
3.62500e-01	1.83750e-01	5.45145e+28
3.62500e-01	1.91250e-01	5.42993e+28
3.62500e-01	1.98750e-01	5.37693e+28
3.62500e-01	2.06250e-01	5.29243e+28
3.62500e-01	2.13750e-01	5.17659e+28
3.62500e-01	2.21250e-01	5.02978e+28
3.62500e-01	2.28750e-01	4.85260e+28
3.62500e-01	2.36250e-01	4.64592e+28
3.62500e-01	2.43750e-01	4.41083e+28
3.62500e-01	2.51250e-01	4.14865e+28
3.62500e-01	2.58750e-01	3.86089e+28
3.62500e-01	2.66250e-01	3.54925e+28
3.62500e-01	2.73750e-01	3.21561e+28
3.62500e-01	2.81250e-01	2.86193e+28
3.62500e-01	2.88750e-01	2.50038e+28
3.62500e-01	2.96250e-01	8.33338e+27

3.87500e-01	0.00000e+00	-2.18484e+27
3.87500e-01	3.75000e-03	-1.11362e+28
3.87500e-01	1.12500e-02	-1.18705e+28
3.87500e-01	1.87500e-02	-6.59964e+27
3.87500e-01	2.62500e-02	-2.02986e+27
3.87500e-01	3.37500e-02	2.11619e+27
3.87500e-01	4.12500e-02	5.98619e+27
3.87500e-01	4.87500e-02	9.65355e+27
3.87500e-01	5.62500e-02	1.31519e+28
3.87500e-01	6.37500e-02	1.64952e+28
3.87500e-01	7.12500e-02	1.96863e+28
3.87500e-01	7.87500e-02	2.27214e+28
3.87500e-01	8.62500e-02	2.55953e+28
3.87500e-01	9.37500e-02	2.83000e+28
3.87500e-01	1.01250e-01	3.08266e+28
3.87500e-01	1.08750e-01	3.31638e+28
3.87500e-01	1.16250e-01	3.52991e+28
3.87500e-01	1.23750e-01	3.72187e+28
3.87500e-01	1.31250e-01	3.89089e+28
3.87500e-01	1.38750e-01	4.03593e+28
3.87500e-01	1.46250e-01	4.15653e+28
3.87500e-01	1.53750e-01	4.25297e+28
3.87500e-01	1.61250e-01	4.32591e+28
3.87500e-01	1.68750e-01	4.37597e+28
3.87500e-01	1.76250e-01	4.40326e+28
3.87500e-01	1.83750e-01	4.40736e+28
3.87500e-01	1.91250e-01	4.38748e+28
3.87500e-01	1.98750e-01	4.34273e+28
3.87500e-01	2.06250e-01	4.27238e+28
3.87500e-01	2.13750e-01	4.17598e+28
3.87500e-01	2.21250e-01	4.05344e+28
3.87500e-01	2.28750e-01	3.90505e+28
3.87500e-01	2.36250e-01	3.73145e+28
3.87500e-01	2.43750e-01	3.53362e+28
3.87500e-01	2.51250e-01	3.31278e+28
3.87500e-01	2.58750e-01	3.07036e+28
3.87500e-01	2.66250e-01	2.80798e+28
3.87500e-01	2.73750e-01	2.52741e+28
3.87500e-01	2.81250e-01	2.23048e+28
3.87500e-01	2.88750e-01	1.92601e+28
3.87500e-01	2.96250e-01	6.54499e+27

4.12500e-01	0.00000e+00	-2.15699e+27
4.12500e-01	3.75000e-03	-8.32257e+27
4.12500e-01	1.12500e-02	-1.22128e+27
4.12500e-01	1.87500e-02	2.24550e+25
4.12500e-01	2.62500e-02	1.98663e+27
4.12500e-01	3.37500e-02	4.35543e+27
4.12500e-01	4.12500e-02	6.92256e+27
4.12500e-01	4.87500e-02	9.54639e+27
4.12500e-01	5.62500e-02	1.21402e+28
4.12500e-01	6.37500e-02	1.46679e+28
4.12500e-01	7.12500e-02	1.70957e+28
4.12500e-01	7.87500e-02	1.94008e+28
4.12500e-01	8.62500e-02	2.15873e+28
4.12500e-01	9.37500e-02	2.36551e+28
4.12500e-01	1.01250e-01	2.56095e+28
4.12500e-01	1.08750e-01	2.74312e+28
4.12500e-01	1.16250e-01	2.90970e+28
4.12500e-01	1.23750e-01	3.05968e+28
4.12500e-01	1.31250e-01	3.18994e+28
4.12500e-01	1.38750e-01	3.29700e+28
4.12500e-01	1.46250e-01	3.37990e+28
4.12500e-01	1.53750e-01	3.44182e+28
4.12500e-01	1.61250e-01	3.48629e+28
4.12500e-01	1.68750e-01	3.51752e+28
4.12500e-01	1.76250e-01	3.53617e+28
4.12500e-01	1.83750e-01	3.54028e+28
4.12500e-01	1.91250e-01	3.52690e+28
4.12500e-01	1.98750e-01	3.49329e+28
4.12500e-01	2.06250e-01	3.43745e+28
4.12500e-01	2.13750e-01	3.35826e+28
4.12500e-01	2.21250e-01	3.25545e+28
4.12500e-01	2.28750e-01	3.12944e+28
4.12500e-01	2.36250e-01	2.98112e+28
4.12500e-01	2.43750e-01	2.81175e+28
4.12500e-01	2.51250e-01	2.62279e+28
4.12500e-01	2.58750e-01	2.41588e+28
4.12500e-01	2.66250e-01	2.19270e+28
4.12500e-01	2.73750e-01	1.95499e+28
4.12500e-01	2.81250e-01	1.70453e+28
4.12500e-01	2.88750e-01	1.44716e+28
4.12500e-01	2.96250e-01	5.05389e+27

4.37500e-01	0.00000e+00	-1.54521e+27
4.37500e-01	3.75000e-03	-5.24974e+27
4.37500e-01	1.12500e-02	-5.36691e+27
4.37500e-01	1.87500e-02	-2.28172e+27
4.37500e-01	2.62500e-02	4.14859e+26
4.37500e-01	3.37500e-02	3.03954e+27
4.37500e-01	4.12500e-02	5.58179e+27
4.37500e-01	4.87500e-02	7.92897e+27
4.37500e-01	5.62500e-02	1.00137e+28
4.37500e-01	6.37500e-02	1.20656e+28
4.37500e-01	7.12500e-02	1.39946e+28
4.37500e-01	7.87500e-02	1.56941e+28
4.37500e-01	8.62500e-02	1.73445e+28
4.37500e-01	9.37500e-02	1.88852e+28
4.37500e-01	1.01250e-01	2.04850e+28
4.37500e-01	1.08750e-01	2.20150e+28
4.37500e-01	1.16250e-01	2.33493e+28
4.37500e-01	1.23750e-01	2.46717e+28
4.37500e-01	1.31250e-01	2.58683e+28
4.37500e-01	1.38750e-01	2.67525e+28
4.37500e-01	1.46250e-01	2.72133e+28
4.37500e-01	1.53750e-01	2.74873e+28
4.37500e-01	1.61250e-01	2.75878e+28
4.37500e-01	1.68750e-01	2.77802e+28
4.37500e-01	1.76250e-01	2.80099e+28
4.37500e-01	1.83750e-01	2.81637e+28
4.37500e-01	1.91250e-01	2.81512e+28
4.37500e-01	1.98750e-01	2.79201e+28
4.37500e-01	2.06250e-01	2.74497e+28
4.37500e-01	2.13750e-01	2.67405e+28
4.37500e-01	2.21250e-01	2.58050e+28
4.37500e-01	2.28750e-01	2.46617e+28
4.37500e-01	2.36250e-01	2.33309e+28
4.37500e-01	2.43750e-01	2.18328e+28
4.37500e-01	2.51250e-01	2.01867e+28
4.37500e-01	2.58750e-01	1.84103e+28
4.37500e-01	2.66250e-01	1.65199e+28
4.37500e-01	2.73750e-01	1.45308e+28
4.37500e-01	2.81250e-01	1.24573e+28
4.37500e-01	2.88750e-01	1.03278e+28
4.37500e-01	2.96250e-01	3.73335e+27

4.62500e-01	0.00000e+00	1.24956e+27
4.62500e-01	3.75000e-03	-2.64422e+26
4.62500e-01	1.12500e-02	-7.41497e+27
4.62500e-01	1.87500e-02	-3.69366e+27
4.62500e-01	2.62500e-02	-9.64253e+26
4.62500e-01	3.37500e-02	1.15655e+27
4.62500e-01	4.12500e-02	2.92117e+27
4.62500e-01	4.87500e-02	4.52533e+27
4.62500e-01	5.62500e-02	6.06934e+27
4.62500e-01	6.37500e-02	7.57256e+27
4.62500e-01	7.12500e-02	9.08245e+27
4.62500e-01	7.87500e-02	1.06192e+28
4.62500e-01	8.62500e-02	1.21525e+28
4.62500e-01	9.37500e-02	1.36358e+28
4.62500e-01	1.01250e-01	1.50069e+28
4.62500e-01	1.08750e-01	1.62684e+28
4.62500e-01	1.16250e-01	1.74134e+28
4.62500e-01	1.23750e-01	1.84052e+28
4.62500e-01	1.31250e-01	1.92769e+28
4.62500e-01	1.38750e-01	2.01153e+28
4.62500e-01	1.46250e-01	2.09637e+28
4.62500e-01	1.53750e-01	2.17849e+28
4.62500e-01	1.61250e-01	2.24938e+28
4.62500e-01	1.68750e-01	2.29639e+28
4.62500e-01	1.76250e-01	2.31325e+28
4.62500e-01	1.83750e-01	2.29967e+28
4.62500e-01	1.91250e-01	2.25881e+28
4.62500e-01	1.98750e-01	2.19508e+28
4.62500e-01	2.06250e-01	2.11290e+28
4.62500e-01	2.13750e-01	2.01607e+28
4.62500e-01	2.21250e-01	1.90763e+28
4.62500e-01	2.28750e-01	1.78986e+28
4.62500e-01	2.36250e-01	1.66444e+28
4.62500e-01	2.43750e-01	1.53260e+28
4.62500e-01	2.51250e-01	1.39522e+28
4.62500e-01	2.58750e-01	1.25301e+28
4.62500e-01	2.66250e-01	1.10651e+28
4.62500e-01	2.73750e-01	9.56211e+27
4.62500e-01	2.81250e-01	8.02570e+27
4.62500e-01	2.88750e-01	6.44903e+27
4.62500e-01	2.96250e-01	2.39354e+27

4.87500e-01	0.00000e+00	-1.97244e+27
4.87500e-01	3.75000e-03	-2.72642e+27
4.87500e-01	1.12500e-02	3.63357e+27
4.87500e-01	1.87500e-02	1.97683e+27
4.87500e-01	2.62500e-02	1.31451e+27
4.87500e-01	3.37500e-02	8.25705e+26
4.87500e-01	4.12500e-02	3.34009e+26
4.87500e-01	4.87500e-02	1.78567e+26
4.87500e-01	5.62500e-02	3.39961e+26
4.87500e-01	6.37500e-02	3.50125e+26
4.87500e-01	7.12500e-02	5.18173e+26
4.87500e-01	7.87500e-02	9.39391e+26
4.87500e-01	8.62500e-02	1.50322e+27
4.87500e-01	9.37500e-02	2.15314e+27
4.87500e-01	1.01250e-01	2.48702e+27
4.87500e-01	1.08750e-01	2.86272e+27
4.87500e-01	1.16250e-01	3.33470e+27
4.87500e-01	1.23750e-01	3.42303e+27
4.87500e-01	1.31250e-01	3.18881e+27
4.87500e-01	1.38750e-01	3.16802e+27
4.87500e-01	1.46250e-01	3.56070e+27
4.87500e-01	1.53750e-01	4.28104e+27
4.87500e-01	1.61250e-01	5.23370e+27
4.87500e-01	1.68750e-01	5.86791e+27
4.87500e-01	1.76250e-01	6.13584e+27
4.87500e-01	1.83750e-01	6.12805e+27
4.87500e-01	1.91250e-01	5.94644e+27
4.87500e-01	1.98750e-01	5.66892e+27
4.87500e-01	2.06250e-01	5.34629e+27
4.87500e-01	2.13750e-01	5.00822e+27
4.87500e-01	2.21250e-01	4.67018e+27
4.87500e-01	2.28750e-01	4.33894e+27
4.87500e-01	2.36250e-01	4.01635e+27
4.87500e-01	2.43750e-01	3.70175e+27
4.87500e-01	2.51250e-01	3.39341e+27
4.87500e-01	2.58750e-01	3.08931e+27
4.87500e-01	2.66250e-01	2.78765e+27
4.87500e-01	2.73750e-01	2.48698e+27
4.87500e-01	2.81250e-01	2.18641e+27
4.87500e-01	2.88750e-01	1.85425e+27
4.87500e-01	2.96250e-01	5.97959e+26

