0.00000e+00	0.00000e+00	0.00000e+00
0.00000e+00	1.87500e-02	2.00000e+00
0.00000e+00	5.62500e-02	2.00000e+00
0.00000e+00	9.37500e-02	2.00000e+00
0.00000e+00	1.31250e-01	2.00000e+00
0.00000e+00	1.68750e-01	2.00000e+00
0.00000e+00	2.06250e-01	2.00000e+00
0.00000e+00	2.43750e-01	2.00000e+00
0.00000e+00	2.81250e-01	2.00000e+00
0.00000e+00	3.18750e-01	2.00000e+00
0.00000e+00	3.56250e-01	2.00000e+00
0.00000e+00	3.93750e-01	2.00000e+00
0.00000e+00	4.31250e-01	2.00000e+00
0.00000e+00	4.68750e-01	2.00000e+00
0.00000e+00	5.06250e-01	0.00000e+00
0.00000e+00	5.43750e-01	0.00000e+00
0.00000e+00	5.81250e-01	0.00000e+00
0.00000e+00	6.18750e-01	0.00000e+00
0.00000e+00	6.56250e-01	0.00000e+00
0.00000e+00	6.93750e-01	0.00000e+00
0.00000e+00	7.31250e-01	0.00000e+00
0.00000e+00	7.68750e-01	0.00000e+00
0.00000e+00	8.06250e-01	0.00000e+00
0.00000e+00	8.43750e-01	0.00000e+00
0.00000e+00	8.81250e-01	0.00000e+00
0.00000e+00	9.18750e-01	0.00000e+00
0.00000e+00	9.56250e-01	0.00000e+00
0.00000e+00	9.93750e-01	0.00000e+00
0.00000e+00	1.03125e+00	0.00000e+00
0.00000e+00	1.06875e+00	0.00000e+00
0.00000e+00	1.10625e+00	0.00000e+00
0.00000e+00	1.14375e+00	0.00000e+00
0.00000e+00	1.18125e+00	0.00000e+00
0.00000e+00	1.21875e+00	0.00000e+00
0.00000e+00	1.25625e+00	0.00000e+00
0.00000e+00	1.29375e+00	0.00000e+00
0.00000e+00	1.33125e+00	0.00000e+00
0.00000e+00	1.36875e+00	0.00000e+00
0.00000e+00	1.40625e+00	0.00000e+00
0.00000e+00	1.44375e+00	0.00000e+00
0.00000e+00	1.48125e+00	0.00000e+00
0.00000e+00	1.50000e+00	0.00000e+00

1.50000e-02	0.00000e+00	0.00000e+00
1.50000e-02	1.87500e-02	1.89475e+00
1.50000e-02	5.62500e-02	1.85444e+00
1.50000e-02	9.37500e-02	1.85526e+00
1.50000e-02	1.31250e-01	1.85730e+00
1.50000e-02	1.68750e-01	1.85877e+00
1.50000e-02	2.06250e-01	1.86053e+00
1.50000e-02	2.43750e-01	1.86319e+00
1.50000e-02	2.81250e-01	1.86679e+00
1.50000e-02	3.18750e-01	1.87068e+00
1.50000e-02	3.56250e-01	1.87276e+00
1.50000e-02	3.93750e-01	1.86631e+00
1.50000e-02	4.31250e-01	1.82306e+00
1.50000e-02	4.68750e-01	1.58951e+00
1.50000e-02	5.06250e-01	1.86153e-01
1.50000e-02	5.43750e-01	1.27612e-02
1.50000e-02	5.81250e-01	-3.03308e-03
1.50000e-02	6.18750e-01	-5.37467e-03
1.50000e-02	6.56250e-01	-5.03336e-03
1.50000e-02	6.93750e-01	-4.05091e-03
1.50000e-02	7.31250e-01	-3.04089e-03
1.50000e-02	7.68750e-01	-2.20831e-03
1.50000e-02	8.06250e-01	-1.61082e-03
1.50000e-02	8.43750e-01	-1.25469e-03
1.50000e-02	8.81250e-01	-1.13859e-03
1.50000e-02	9.18750e-01	-1.27757e-03
1.50000e-02	9.56250e-01	-1.72019e-03
1.50000e-02	9.93750e-01	-2.56480e-03
1.50000e-02	1.03125e+00	-3.97792e-03
1.50000e-02	1.06875e+00	-6.21480e-03
1.50000e-02	1.10625e+00	-9.63877e-03
1.50000e-02	1.14375e+00	-1.47297e-02
1.50000e-02	1.18125e+00	-2.20632e-02
1.50000e-02	1.21875e+00	-3.22291e-02
1.50000e-02	1.25625e+00	-4.56405e-02
1.50000e-02	1.29375e+00	-6.21732e-02
1.50000e-02	1.33125e+00	-8.05910e-02
1.50000e-02	1.36875e+00	-9.78159e-02
1.50000e-02	1.40625e+00	-1.08410e-01
1.50000e-02	1.44375e+00	-1.03295e-01
1.50000e-02	1.48125e+00	-1.09242e-03
1.50000e-02	1.50000e+00	1.00000e+00

3.00000e-02	0.00000e+00	0.00000e+00
3.00000e-02	1.87500e-02	1.77250e+00
3.00000e-02	5.62500e-02	1.71785e+00
3.00000e-02	9.37500e-02	1.71398e+00
3.00000e-02	1.31250e-01	1.71604e+00
3.00000e-02	1.68750e-01	1.71845e+00
3.00000e-02	2.06250e-01	1.72170e+00
3.00000e-02	2.43750e-01	1.72648e+00
3.00000e-02	2.81250e-01	1.73254e+00
3.00000e-02	3.18750e-01	1.73809e+00
3.00000e-02	3.56250e-01	1.73812e+00
3.00000e-02	3.93750e-01	1.71831e+00
3.00000e-02	4.31250e-01	1.63135e+00
3.00000e-02	4.68750e-01	1.30740e+00
3.00000e-02	5.06250e-01	2.80017e-01
3.00000e-02	5.43750e-01	3.58463e-02
3.00000e-02	5.81250e-01	-2.83078e-03
3.00000e-02	6.18750e-01	-9.71192e-03
3.00000e-02	6.56250e-01	-9.64595e-03
3.00000e-02	6.93750e-01	-7.89428e-03
3.00000e-02	7.31250e-01	-5.96554e-03
3.00000e-02	7.68750e-01	-4.34638e-03
3.00000e-02	8.06250e-01	-3.17640e-03
3.00000e-02	8.43750e-01	-2.47668e-03
3.00000e-02	8.81250e-01	-2.24728e-03
3.00000e-02	9.18750e-01	-2.51835e-03
3.00000e-02	9.56250e-01	-3.38506e-03
3.00000e-02	9.93750e-01	-5.04018e-03
3.00000e-02	1.03125e+00	-7.81056e-03
3.00000e-02	1.06875e+00	-1.21980e-02
3.00000e-02	1.10625e+00	-1.89179e-02
3.00000e-02	1.14375e+00	-2.89166e-02
3.00000e-02	1.18125e+00	-4.33320e-02
3.00000e-02	1.21875e+00	-6.33326e-02
3.00000e-02	1.25625e+00	-8.97380e-02
3.00000e-02	1.29375e+00	-1.22289e-01
3.00000e-02	1.33125e+00	-1.58437e-01
3.00000e-02	1.36875e+00	-1.91569e-01
3.00000e-02	1.40625e+00	-2.08358e-01
3.00000e-02	1.44375e+00	-1.79920e-01
3.00000e-02	1.48125e+00	-1.06922e-03
3.00000e-02	1.50000e+00	-1.06921e-03

4.50000e-02	0.00000e+00	0.00000e+00
4.50000e-02	1.87500e-02	1.64072e+00
4.50000e-02	5.62500e-02	1.58434e+00
4.50000e-02	9.37500e-02	1.57561e+00
4.50000e-02	1.31250e-01	1.57659e+00
4.50000e-02	1.68750e-01	1.57941e+00
4.50000e-02	2.06250e-01	1.58376e+00
4.50000e-02	2.43750e-01	1.59005e+00
4.50000e-02	2.81250e-01	1.59746e+00
4.50000e-02	3.18750e-01	1.60282e+00
4.50000e-02	3.56250e-01	1.59807e+00
4.50000e-02	3.93750e-01	1.56279e+00
4.50000e-02	4.31250e-01	1.44184e+00
4.50000e-02	4.68750e-01	1.09387e+00
4.50000e-02	5.06250e-01	3.27299e-01
4.50000e-02	5.43750e-01	6.09615e-02
4.50000e-02	5.81250e-01	5.53416e-04
4.50000e-02	6.18750e-01	-1.25358e-02
4.50000e-02	6.56250e-01	-1.35276e-02
4.50000e-02	6.93750e-01	-1.13403e-02
4.50000e-02	7.31250e-01	-8.64993e-03
4.50000e-02	7.68750e-01	-6.32678e-03
4.50000e-02	8.06250e-01	-4.62979e-03
4.50000e-02	8.43750e-01	-3.60878e-03
4.50000e-02	8.81250e-01	-3.26990e-03
4.50000e-02	9.18750e-01	-3.65834e-03
4.50000e-02	9.56250e-01	-4.91235e-03
4.50000e-02	9.93750e-01	-7.31204e-03
4.50000e-02	1.03125e+00	-1.13333e-02
4.50000e-02	1.06875e+00	-1.77084e-02
4.50000e-02	1.10625e+00	-2.74834e-02
4.50000e-02	1.14375e+00	-4.20462e-02
4.50000e-02	1.18125e+00	-6.30707e-02
4.50000e-02	1.21875e+00	-9.22833e-02
4.50000e-02	1.25625e+00	-1.30900e-01
4.50000e-02	1.29375e+00	-1.78518e-01
4.50000e-02	1.33125e+00	-2.31207e-01
4.50000e-02	1.36875e+00	-2.78429e-01
4.50000e-02	1.40625e+00	-2.97790e-01
4.50000e-02	1.44375e+00	-2.41959e-01
4.50000e-02	1.48125e+00	-1.08157e-03
4.50000e-02	1.50000e+00	-1.08157e-03

6.00000e-02	0.00000e+00	0.00000e+00
6.00000e-02	1.87500e-02	1.50358e+00
6.00000e-02	5.62500e-02	1.45189e+00
6.00000e-02	9.37500e-02	1.43989e+00
6.00000e-02	1.31250e-01	1.43939e+00
6.00000e-02	1.68750e-01	1.44215e+00
6.00000e-02	2.06250e-01	1.44716e+00
6.00000e-02	2.43750e-01	1.45432e+00
6.00000e-02	2.81250e-01	1.46208e+00
6.00000e-02	3.18750e-01	1.46587e+00
6.00000e-02	3.56250e-01	1.45508e+00
6.00000e-02	3.93750e-01	1.40569e+00
6.00000e-02	4.31250e-01	1.26384e+00
6.00000e-02	4.68750e-01	9.27251e-01
6.00000e-02	5.06250e-01	3.42793e-01
6.00000e-02	5.43750e-01	8.20223e-02
6.00000e-02	5.81250e-01	5.68842e-03
6.00000e-02	6.18750e-01	-1.39015e-02
6.00000e-02	6.56250e-01	-1.65342e-02
6.00000e-02	6.93750e-01	-1.42573e-02
6.00000e-02	7.31250e-01	-1.09970e-02
6.00000e-02	7.68750e-01	-8.08023e-03
6.00000e-02	8.06250e-01	-5.92050e-03
6.00000e-02	8.43750e-01	-4.61127e-03
6.00000e-02	8.81250e-01	-4.16997e-03
6.00000e-02	9.18750e-01	-4.65635e-03
6.00000e-02	9.56250e-01	-6.24666e-03
6.00000e-02	9.93750e-01	-9.29822e-03
6.00000e-02	1.03125e+00	-1.44198e-02
6.00000e-02	1.06875e+00	-2.25508e-02
6.00000e-02	1.10625e+00	-3.50374e-02
6.00000e-02	1.14375e+00	-5.36718e-02
6.00000e-02	1.18125e+00	-8.06260e-02
6.00000e-02	1.21875e+00	-1.18154e-01
6.00000e-02	1.25625e+00	-1.67857e-01
6.00000e-02	1.29375e+00	-2.29210e-01
6.00000e-02	1.33125e+00	-2.96920e-01
6.00000e-02	1.36875e+00	-3.56488e-01
6.00000e-02	1.40625e+00	-3.76689e-01
6.00000e-02	1.44375e+00	-2.95451e-01
6.00000e-02	1.48125e+00	-1.13232e-03
6.00000e-02	1.50000e+00	-1.13231e-03

7.50000e-02	0.00000e+00	0.00000e+00
7.50000e-02	1.87500e-02	1.36402e+00
7.50000e-02	5.62500e-02	1.32006e+00
7.50000e-02	9.37500e-02	1.30663e+00
7.50000e-02	1.31250e-01	1.30475e+00
7.50000e-02	1.68750e-01	1.30714e+00
7.50000e-02	2.06250e-01	1.31238e+00
7.50000e-02	2.43750e-01	1.31983e+00
7.50000e-02	2.81250e-01	1.32718e+00
7.50000e-02	3.18750e-01	1.32861e+00
7.50000e-02	3.56250e-01	1.31176e+00
7.50000e-02	3.93750e-01	1.25164e+00
7.50000e-02	4.31250e-01	1.10091e+00
7.50000e-02	4.68750e-01	7.92552e-01
7.50000e-02	5.06250e-01	3.37553e-01
7.50000e-02	5.43750e-01	9.63679e-02
7.50000e-02	5.81250e-01	1.10258e-02
7.50000e-02	6.18750e-01	-1.41645e-02
7.50000e-02	6.56250e-01	-1.86632e-02
7.50000e-02	6.93750e-01	-1.65718e-02
7.50000e-02	7.31250e-01	-1.29346e-02
7.50000e-02	7.68750e-01	-9.54942e-03
7.50000e-02	8.06250e-01	-7.00452e-03
7.50000e-02	8.43750e-01	-5.44849e-03
7.50000e-02	8.81250e-01	-4.91424e-03
7.50000e-02	9.18750e-01	-5.47484e-03
7.50000e-02	9.56250e-01	-7.33794e-03
7.50000e-02	9.93750e-01	-1.09252e-02
7.50000e-02	1.03125e+00	-1.69579e-02
7.50000e-02	1.06875e+00	-2.65526e-02
7.50000e-02	1.10625e+00	-4.13158e-02
7.50000e-02	1.14375e+00	-6.33962e-02
7.50000e-02	1.18125e+00	-9.54131e-02
7.50000e-02	1.21875e+00	-1.40108e-01
7.50000e-02	1.25625e+00	-1.99465e-01
7.50000e-02	1.29375e+00	-2.72892e-01
7.50000e-02	1.33125e+00	-3.53888e-01
7.50000e-02	1.36875e+00	-4.24350e-01
7.50000e-02	1.40625e+00	-4.45283e-01
7.50000e-02	1.44375e+00	-3.42979e-01
7.50000e-02	1.48125e+00	-1.22997e-03
7.50000e-02	1.50000e+00	-1.22996e-03

9.00000e-02	0.00000e+00	0.00000e+00
9.00000e-02	1.87500e-02	1.22422e+00
9.00000e-02	5.62500e-02	1.18921e+00
9.00000e-02	9.37500e-02	1.17595e+00
9.00000e-02	1.31250e-01	1.17301e+00
9.00000e-02	1.68750e-01	1.17486e+00
9.00000e-02	2.06250e-01	1.17999e+00
9.00000e-02	2.43750e-01	1.18725e+00
9.00000e-02	2.81250e-01	1.19366e+00
9.00000e-02	3.18750e-01	1.19248e+00
9.00000e-02	3.56250e-01	1.17051e+00
9.00000e-02	3.93750e-01	1.10372e+00
9.00000e-02	4.31250e-01	9.53480e-01
9.00000e-02	4.68750e-01	6.79812e-01
9.00000e-02	5.06250e-01	3.19296e-01
9.00000e-02	5.43750e-01	1.03601e-01
9.00000e-02	5.81250e-01	1.54268e-02
9.00000e-02	6.18750e-01	-1.37627e-02
9.00000e-02	6.56250e-01	-2.00006e-02
9.00000e-02	6.93750e-01	-1.82592e-02
9.00000e-02	7.31250e-01	-1.44159e-02
9.00000e-02	7.68750e-01	-1.06912e-02
9.00000e-02	8.06250e-01	-7.84717e-03
9.00000e-02	8.43750e-01	-6.09219e-03
9.00000e-02	8.81250e-01	-5.47675e-03
9.00000e-02	9.18750e-01	-6.08486e-03
9.00000e-02	9.56250e-01	-8.14769e-03
9.00000e-02	9.93750e-01	-1.21362e-02
9.00000e-02	1.03125e+00	-1.88597e-02
9.00000e-02	1.06875e+00	-2.95768e-02
9.00000e-02	1.10625e+00	-4.61062e-02
9.00000e-02	1.14375e+00	-7.08943e-02
9.00000e-02	1.18125e+00	-1.06946e-01
9.00000e-02	1.21875e+00	-1.57442e-01
9.00000e-02	1.25625e+00	-2.24744e-01
9.00000e-02	1.29375e+00	-3.08296e-01
9.00000e-02	1.33125e+00	-4.00680e-01
9.00000e-02	1.36875e+00	-4.80846e-01
9.00000e-02	1.40625e+00	-5.03453e-01
9.00000e-02	1.44375e+00	-3.85245e-01
9.00000e-02	1.48125e+00	-1.38004e-03
9.00000e-02	1.50000e+00	-1.38003e-03

1.05000e-01	0.00000e+00	0.00000e+00
1.05000e-01	1.87500e-02	1.08593e+00
1.05000e-01	5.62500e-02	1.06012e+00
1.05000e-01	9.37500e-02	1.04819e+00
1.05000e-01	1.31250e-01	1.04459e+00
1.05000e-01	1.68750e-01	1.04584e+00
1.05000e-01	2.06250e-01	1.05058e+00
1.05000e-01	2.43750e-01	1.05733e+00
1.05000e-01	2.81250e-01	1.06254e+00
1.05000e-01	3.18750e-01	1.05892e+00
1.05000e-01	3.56250e-01	1.03326e+00
1.05000e-01	3.93750e-01	9.63770e-01
1.05000e-01	4.31250e-01	8.20617e-01
1.05000e-01	4.68750e-01	5.82650e-01
1.05000e-01	5.06250e-01	2.93199e-01
1.05000e-01	5.43750e-01	1.04487e-01
1.05000e-01	5.81250e-01	1.82657e-02
1.05000e-01	6.18750e-01	-1.30789e-02
1.05000e-01	6.56250e-01	-2.06688e-02
1.05000e-01	6.93750e-01	-1.93286e-02
1.05000e-01	7.31250e-01	-1.54164e-02
1.05000e-01	7.68750e-01	-1.14770e-02
1.05000e-01	8.06250e-01	-8.42401e-03
1.05000e-01	8.43750e-01	-6.52257e-03
1.05000e-01	8.81250e-01	-5.83989e-03
1.05000e-01	9.18750e-01	-6.46743e-03
1.05000e-01	9.56250e-01	-8.65090e-03
1.05000e-01	9.93750e-01	-1.28939e-02
1.05000e-01	1.03125e+00	-2.00665e-02
1.05000e-01	1.06875e+00	-3.15291e-02
1.05000e-01	1.10625e+00	-4.92578e-02
1.05000e-01	1.14375e+00	-7.59285e-02
1.05000e-01	1.18125e+00	-1.14857e-01
1.05000e-01	1.21875e+00	-1.69605e-01
1.05000e-01	1.25625e+00	-2.42911e-01
1.05000e-01	1.29375e+00	-3.34382e-01
1.05000e-01	1.33125e+00	-4.36080e-01
1.05000e-01	1.36875e+00	-5.24870e-01
1.05000e-01	1.40625e+00	-5.50601e-01
1.05000e-01	1.44375e+00	-4.21880e-01
1.05000e-01	1.48125e+00	-1.58215e-03
1.05000e-01	1.50000e+00	-1.58214e-03

1.20000e-01	0.00000e+00	0.00000e+00
1.20000e-01	1.87500e-02	9.50614e-01
1.20000e-01	5.62500e-02	9.33766e-01
1.20000e-01	9.37500e-02	9.23883e-01
1.20000e-01	1.31250e-01	9.20001e-01
1.20000e-01	1.68750e-01	9.20646e-01
1.20000e-01	2.06250e-01	9.24845e-01
1.20000e-01	2.43750e-01	9.30864e-01
1.20000e-01	2.81250e-01	9.34815e-01
1.20000e-01	3.18750e-01	9.29239e-01
1.20000e-01	3.56250e-01	9.01509e-01
1.20000e-01	3.93750e-01	8.32762e-01
1.20000e-01	4.31250e-01	7.00918e-01
1.20000e-01	4.68750e-01	4.97058e-01
1.20000e-01	5.06250e-01	2.62714e-01
1.20000e-01	5.43750e-01	1.00258e-01
1.20000e-01	5.81250e-01	1.93527e-02
1.20000e-01	6.18750e-01	-1.23784e-02
1.20000e-01	6.56250e-01	-2.07878e-02
1.20000e-01	6.93750e-01	-1.98093e-02
1.20000e-01	7.31250e-01	-1.59298e-02
1.20000e-01	7.68750e-01	-1.18918e-02
1.20000e-01	8.06250e-01	-8.72130e-03
1.20000e-01	8.43750e-01	-6.72895e-03
1.20000e-01	8.81250e-01	-5.99520e-03
1.20000e-01	9.18750e-01	-6.61443e-03
1.20000e-01	9.56250e-01	-8.83731e-03
1.20000e-01	9.93750e-01	-1.31822e-02
1.20000e-01	1.03125e+00	-2.05512e-02
1.20000e-01	1.06875e+00	-3.23627e-02
1.20000e-01	1.10625e+00	-5.06900e-02
1.20000e-01	1.14375e+00	-7.83615e-02
1.20000e-01	1.18125e+00	-1.18919e-01
1.20000e-01	1.21875e+00	-1.76233e-01
1.20000e-01	1.25625e+00	-2.53408e-01
1.20000e-01	1.29375e+00	-3.50358e-01
1.20000e-01	1.33125e+00	-4.59078e-01
1.20000e-01	1.36875e+00	-5.55327e-01
1.20000e-01	1.40625e+00	-5.85710e-01
1.20000e-01	1.44375e+00	-4.51874e-01
1.20000e-01	1.48125e+00	-1.83042e-03
1.20000e-01	1.50000e+00	-1.83041e-03

1.35000e-01	0.00000e+00	0.00000e+00
1.35000e-01	1.87500e-02	8.19619e-01
1.35000e-01	5.62500e-02	8.11202e-01
1.35000e-01	9.37500e-02	8.03730e-01
1.35000e-01	1.31250e-01	7.99837e-01
1.35000e-01	1.68750e-01	7.99928e-01
1.35000e-01	2.06250e-01	8.03488e-01
1.35000e-01	2.43750e-01	8.08688e-01
1.35000e-01	2.81250e-01	8.11489e-01
1.35000e-01	3.18750e-01	8.04582e-01
1.35000e-01	3.56250e-01	7.76381e-01
1.35000e-01	3.93750e-01	7.11094e-01
1.35000e-01	4.31250e-01	5.92992e-01
1.35000e-01	4.68750e-01	4.20555e-01
1.35000e-01	5.06250e-01	2.30165e-01
1.35000e-01	5.43750e-01	9.22382e-02
1.35000e-01	5.81250e-01	1.88067e-02
1.35000e-01	6.18750e-01	-1.17972e-02
1.35000e-01	6.56250e-01	-2.04533e-02
1.35000e-01	6.93750e-01	-1.97392e-02
1.35000e-01	7.31250e-01	-1.59644e-02
1.35000e-01	7.68750e-01	-1.19342e-02
1.35000e-01	8.06250e-01	-8.73629e-03
1.35000e-01	8.43750e-01	-6.71025e-03
1.35000e-01	8.81250e-01	-5.94382e-03
1.35000e-01	9.18750e-01	-6.52913e-03
1.35000e-01	9.56250e-01	-8.71212e-03
1.35000e-01	9.93750e-01	-1.30080e-02
1.35000e-01	1.03125e+00	-2.03210e-02
1.35000e-01	1.06875e+00	-3.20821e-02
1.35000e-01	1.10625e+00	-5.03979e-02
1.35000e-01	1.14375e+00	-7.81658e-02
1.35000e-01	1.18125e+00	-1.19058e-01
1.35000e-01	1.21875e+00	-1.77165e-01
1.35000e-01	1.25625e+00	-2.55932e-01
1.35000e-01	1.29375e+00	-3.55714e-01
1.35000e-01	1.33125e+00	-4.68904e-01
1.35000e-01	1.36875e+00	-5.71168e-01
1.35000e-01	1.40625e+00	-6.07475e-01
1.35000e-01	1.44375e+00	-4.73834e-01
1.35000e-01	1.48125e+00	-2.11312e-03
1.35000e-01	1.50000e+00	-2.11311e-03

1.50000e-01	0.00000e+00	0.00000e+00
1.50000e-01	1.87500e-02	6.94202e-01
1.50000e-01	5.62500e-02	6.93514e-01
1.50000e-01	9.37500e-02	6.88509e-01
1.50000e-01	1.31250e-01	6.84779e-01
1.50000e-01	1.68750e-01	6.84381e-01
1.50000e-01	2.06250e-01	6.87279e-01
1.50000e-01	2.43750e-01	6.91657e-01
1.50000e-01	2.81250e-01	6.93511e-01
1.50000e-01	3.18750e-01	6.85947e-01
1.50000e-01	3.56250e-01	6.58679e-01
1.50000e-01	3.93750e-01	5.98853e-01
1.50000e-01	4.31250e-01	4.95644e-01
1.50000e-01	4.68750e-01	3.51625e-01
1.50000e-01	5.06250e-01	1.97164e-01
1.50000e-01	5.43750e-01	8.16670e-02
1.50000e-01	5.81250e-01	1.69350e-02
1.50000e-01	6.18750e-01	-1.13601e-02
1.50000e-01	6.56250e-01	-1.97290e-02
1.50000e-01	6.93750e-01	-1.91584e-02
1.50000e-01	7.31250e-01	-1.55405e-02
1.50000e-01	7.68750e-01	-1.16153e-02
1.50000e-01	8.06250e-01	-8.47732e-03
1.50000e-01	8.43750e-01	-6.47513e-03
1.50000e-01	8.81250e-01	-5.69657e-03
1.50000e-01	9.18750e-01	-6.22618e-03
1.50000e-01	9.56250e-01	-8.29594e-03
1.50000e-01	9.93750e-01	-1.24007e-02
1.50000e-01	1.03125e+00	-1.94173e-02
1.50000e-01	1.06875e+00	-3.07443e-02
1.50000e-01	1.10625e+00	-4.84556e-02
1.50000e-01	1.14375e+00	-7.54304e-02
1.50000e-01	1.18125e+00	-1.15365e-01
1.50000e-01	1.21875e+00	-1.72469e-01
1.50000e-01	1.25625e+00	-2.50472e-01
1.50000e-01	1.29375e+00	-3.50270e-01
1.50000e-01	1.33125e+00	-4.65084e-01
1.50000e-01	1.36875e+00	-5.71490e-01
1.50000e-01	1.40625e+00	-6.14480e-01
1.50000e-01	1.44375e+00	-4.86151e-01
1.50000e-01	1.48125e+00	-2.41287e-03
1.50000e-01	1.50000e+00	-2.41285e-03

1.65000e-01	0.00000e+00	0.00000e+00
1.65000e-01	1.87500e-02	5.75586e-01
1.65000e-01	5.62500e-02	5.81783e-01
1.65000e-01	9.37500e-02	5.79058e-01
1.65000e-01	1.31250e-01	5.75567e-01
1.65000e-01	1.68750e-01	5.74756e-01
1.65000e-01	2.06250e-01	5.77017e-01
1.65000e-01	2.43750e-01	5.80630e-01
1.65000e-01	2.81250e-01	5.81784e-01
1.65000e-01	3.18750e-01	5.74197e-01
1.65000e-01	3.56250e-01	5.49002e-01
1.65000e-01	3.93750e-01	4.95984e-01
1.65000e-01	4.31250e-01	4.07934e-01
1.65000e-01	4.68750e-01	2.89368e-01
1.65000e-01	5.06250e-01	1.64865e-01
1.65000e-01	5.43750e-01	6.96358e-02
1.65000e-01	5.81250e-01	1.41396e-02
1.65000e-01	6.18750e-01	-1.10097e-02
1.65000e-01	6.56250e-01	-1.86493e-02
1.65000e-01	6.93750e-01	-1.81077e-02
1.65000e-01	7.31250e-01	-1.46895e-02
1.65000e-01	7.68750e-01	-1.09585e-02
1.65000e-01	8.06250e-01	-7.96374e-03
1.65000e-01	8.43750e-01	-6.04200e-03
1.65000e-01	8.81250e-01	-5.27370e-03
1.65000e-01	9.18750e-01	-5.73109e-03
1.65000e-01	9.56250e-01	-7.62407e-03
1.65000e-01	9.93750e-01	-1.14113e-02
1.65000e-01	1.03125e+00	-1.79151e-02
1.65000e-01	1.06875e+00	-2.84578e-02
1.65000e-01	1.10625e+00	-4.50163e-02
1.65000e-01	1.14375e+00	-7.03630e-02
1.65000e-01	1.18125e+00	-1.08107e-01
1.65000e-01	1.21875e+00	-1.62455e-01
1.65000e-01	1.25625e+00	-2.37337e-01
1.65000e-01	1.29375e+00	-3.34231e-01
1.65000e-01	1.33125e+00	-4.47541e-01
1.65000e-01	1.36875e+00	-5.55681e-01
1.65000e-01	1.40625e+00	-6.05392e-01
1.65000e-01	1.44375e+00	-4.87155e-01
1.65000e-01	1.48125e+00	-2.70682e-03
1.65000e-01	1.50000e+00	-2.70681e-03

1.80000e-01	0.00000e+00	0.00000e+00
1.80000e-01	1.87500e-02	4.64984e-01
1.80000e-01	5.62500e-02	4.77067e-01
1.80000e-01	9.37500e-02	4.76243e-01
1.80000e-01	1.31250e-01	4.72995e-01
1.80000e-01	1.68750e-01	4.71851e-01
1.80000e-01	2.06250e-01	4.73535e-01
1.80000e-01	2.43750e-01	4.76474e-01
1.80000e-01	2.81250e-01	4.77173e-01
1.80000e-01	3.18750e-01	4.70100e-01
1.80000e-01	3.56250e-01	4.47821e-01
1.80000e-01	3.93750e-01	4.02390e-01
1.80000e-01	4.31250e-01	3.29170e-01
1.80000e-01	4.68750e-01	2.33271e-01
1.80000e-01	5.06250e-01	1.34125e-01
1.80000e-01	5.43750e-01	5.70702e-02
1.80000e-01	5.81250e-01	1.08501e-02
1.80000e-01	6.18750e-01	-1.06393e-02
1.80000e-01	6.56250e-01	-1.72288e-02
1.80000e-01	6.93750e-01	-1.66301e-02
1.80000e-01	7.31250e-01	-1.34535e-02
1.80000e-01	7.68750e-01	-9.99952e-03
1.80000e-01	8.06250e-01	-7.22588e-03
1.80000e-01	8.43750e-01	-5.43857e-03
1.80000e-01	8.81250e-01	-4.70423e-03
1.80000e-01	9.18750e-01	-5.07919e-03
1.80000e-01	9.56250e-01	-6.74492e-03
1.80000e-01	9.93750e-01	-1.01106e-02
1.80000e-01	1.03125e+00	-1.59198e-02
1.80000e-01	1.06875e+00	-2.53793e-02
1.80000e-01	1.10625e+00	-4.03089e-02
1.80000e-01	1.14375e+00	-6.32882e-02
1.80000e-01	1.18125e+00	-9.77252e-02
1.80000e-01	1.21875e+00	-1.47690e-01
1.80000e-01	1.25625e+00	-2.17188e-01
1.80000e-01	1.29375e+00	-3.08253e-01
1.80000e-01	1.33125e+00	-4.16709e-01
1.80000e-01	1.36875e+00	-5.23607e-01
1.80000e-01	1.40625e+00	-5.79196e-01
1.80000e-01	1.44375e+00	-4.75274e-01
1.80000e-01	1.48125e+00	-2.96749e-03
1.80000e-01	1.50000e+00	-2.96747e-03

1.95000e-01	0.00000e+00	0.00000e+00
1.95000e-01	1.87500e-02	3.63601e-01
1.95000e-01	5.62500e-02	3.80381e-01
1.95000e-01	9.37500e-02	3.80939e-01
1.95000e-01	1.31250e-01	3.77896e-01
1.95000e-01	1.68750e-01	3.76510e-01
1.95000e-01	2.06250e-01	3.77698e-01
1.95000e-01	2.43750e-01	3.80062e-01
1.95000e-01	2.81250e-01	3.80519e-01
1.95000e-01	3.18750e-01	3.74361e-01
1.95000e-01	3.56250e-01	3.55540e-01
1.95000e-01	3.93750e-01	3.18008e-01
1.95000e-01	4.31250e-01	2.58884e-01
1.95000e-01	4.68750e-01	1.83076e-01
1.95000e-01	5.06250e-01	1.05605e-01
1.95000e-01	5.43750e-01	4.47379e-02
1.95000e-01	5.81250e-01	7.47721e-03
1.95000e-01	6.18750e-01	-1.01243e-02
1.95000e-01	6.56250e-01	-1.54753e-02
1.95000e-01	6.93750e-01	-1.47755e-02
1.95000e-01	7.31250e-01	-1.18873e-02
1.95000e-01	7.68750e-01	-8.78696e-03
1.95000e-01	8.06250e-01	-6.30476e-03
1.95000e-01	8.43750e-01	-4.70127e-03
1.95000e-01	8.81250e-01	-4.02483e-03
1.95000e-01	9.18750e-01	-4.31406e-03
1.95000e-01	9.56250e-01	-5.71774e-03
1.95000e-01	9.93750e-01	-8.58555e-03
1.95000e-01	1.03125e+00	-1.35630e-02
1.95000e-01	1.06875e+00	-2.17078e-02
1.95000e-01	1.10625e+00	-3.46306e-02
1.95000e-01	1.14375e+00	-5.46391e-02
1.95000e-01	1.18125e+00	-8.48304e-02
1.95000e-01	1.21875e+00	-1.28996e-01
1.95000e-01	1.25625e+00	-1.91061e-01
1.95000e-01	1.29375e+00	-2.73504e-01
1.95000e-01	1.33125e+00	-3.73657e-01
1.95000e-01	1.36875e+00	-4.75827e-01
1.95000e-01	1.40625e+00	-5.35468e-01
1.95000e-01	1.44375e+00	-4.49229e-01
1.95000e-01	1.48125e+00	-3.16367e-03
1.95000e-01	1.50000e+00	-3.16365e-03

2.10000e-01	0.00000e+00	0.00000e+00
2.10000e-01	1.87500e-02	2.72633e-01
2.10000e-01	5.62500e-02	2.92684e-01
2.10000e-01	9.37500e-02	2.94018e-01
2.10000e-01	1.31250e-01	2.91138e-01
2.10000e-01	1.68750e-01	2.89614e-01
2.10000e-01	2.06250e-01	2.90401e-01
2.10000e-01	2.43750e-01	2.92283e-01
2.10000e-01	2.81250e-01	2.92651e-01
2.10000e-01	3.18750e-01	2.87660e-01
2.10000e-01	3.56250e-01	2.72553e-01
2.10000e-01	3.93750e-01	2.42841e-01
2.10000e-01	4.31250e-01	1.96800e-01
2.10000e-01	4.68750e-01	1.38694e-01
2.10000e-01	5.06250e-01	7.98271e-02
2.10000e-01	5.43750e-01	3.32603e-02
2.10000e-01	5.81250e-01	4.38181e-03
2.10000e-01	6.18750e-01	-9.34945e-03
2.10000e-01	6.56250e-01	-1.34041e-02
2.10000e-01	6.93750e-01	-1.26065e-02
2.10000e-01	7.31250e-01	-1.00606e-02
2.10000e-01	7.68750e-01	-7.38235e-03
2.10000e-01	8.06250e-01	-5.25162e-03
2.10000e-01	8.43750e-01	-3.87416e-03
2.10000e-01	8.81250e-01	-3.27837e-03
2.10000e-01	9.18750e-01	-3.48536e-03
2.10000e-01	9.56250e-01	-4.60965e-03
2.10000e-01	9.93750e-01	-6.93526e-03
2.10000e-01	1.03125e+00	-1.09960e-02
2.10000e-01	1.06875e+00	-1.76762e-02
2.10000e-01	1.10625e+00	-2.83353e-02
2.10000e-01	1.14375e+00	-4.49442e-02
2.10000e-01	1.18125e+00	-7.01898e-02
2.10000e-01	1.21875e+00	-1.07444e-01
2.10000e-01	1.25625e+00	-1.60373e-01
2.10000e-01	1.29375e+00	-2.31712e-01
2.10000e-01	1.33125e+00	-3.20226e-01
2.10000e-01	1.36875e+00	-4.13829e-01
2.10000e-01	1.40625e+00	-4.74693e-01
2.10000e-01	1.44375e+00	-4.08291e-01
2.10000e-01	1.48125e+00	-3.26142e-03
2.10000e-01	1.50000e+00	-3.26140e-03

2.25000e-01	0.00000e+00	0.00000e+00
2.25000e-01	1.87500e-02	1.93250e-01
2.25000e-01	5.62500e-02	2.14854e-01
2.25000e-01	9.37500e-02	2.16346e-01
2.25000e-01	1.31250e-01	2.13625e-01
2.25000e-01	1.68750e-01	2.12087e-01
2.25000e-01	2.06250e-01	2.12570e-01
2.25000e-01	2.43750e-01	2.14044e-01
2.25000e-01	2.81250e-01	2.14410e-01
2.25000e-01	3.18750e-01	2.10684e-01
2.25000e-01	3.56250e-01	1.99283e-01
2.25000e-01	3.93750e-01	1.76989e-01
2.25000e-01	4.31250e-01	1.42806e-01
2.25000e-01	4.68750e-01	1.00145e-01
2.25000e-01	5.06250e-01	5.72072e-02
2.25000e-01	5.43750e-01	2.31234e-02
2.25000e-01	5.81250e-01	1.85141e-03
2.25000e-01	6.18750e-01	-8.23398e-03
2.25000e-01	6.56250e-01	-1.10538e-02
2.25000e-01	6.93750e-01	-1.02063e-02
2.25000e-01	7.31250e-01	-8.06022e-03
2.25000e-01	7.68750e-01	-5.86070e-03
2.25000e-01	8.06250e-01	-4.12709e-03
2.25000e-01	8.43750e-01	-3.00756e-03
2.25000e-01	8.81250e-01	-2.51197e-03
2.25000e-01	9.18750e-01	-2.64630e-03
2.25000e-01	9.56250e-01	-3.49196e-03
2.25000e-01	9.93750e-01	-5.26553e-03
2.25000e-01	1.03125e+00	-8.38267e-03
2.25000e-01	1.06875e+00	-1.35399e-02
2.25000e-01	1.10625e+00	-2.18189e-02
2.25000e-01	1.14375e+00	-3.48069e-02
2.25000e-01	1.18125e+00	-5.47023e-02
2.25000e-01	1.21875e+00	-8.43330e-02
2.25000e-01	1.25625e+00	-1.26917e-01
2.25000e-01	1.29375e+00	-1.85199e-01
2.25000e-01	1.33125e+00	-2.59132e-01
2.25000e-01	1.36875e+00	-3.40274e-01
2.25000e-01	1.40625e+00	-3.98645e-01
2.25000e-01	1.44375e+00	-3.52622e-01
2.25000e-01	1.48125e+00	-3.22603e-03
2.25000e-01	1.50000e+00	-3.22601e-03

2.40000e-01	0.00000e+00	0.00000e+00
2.40000e-01	1.87500e-02	1.26558e-01
2.40000e-01	5.62500e-02	1.47680e-01
2.40000e-01	9.37500e-02	1.48795e-01
2.40000e-01	1.31250e-01	1.46302e-01
2.40000e-01	1.68750e-01	1.44894e-01
2.40000e-01	2.06250e-01	1.45165e-01
2.40000e-01	2.43750e-01	1.46279e-01
2.40000e-01	2.81250e-01	1.46664e-01
2.40000e-01	3.18750e-01	1.44155e-01
2.40000e-01	3.56250e-01	1.36221e-01
2.40000e-01	3.93750e-01	1.20666e-01
2.40000e-01	4.31250e-01	9.69361e-02
2.40000e-01	4.68750e-01	6.75284e-02
2.40000e-01	5.06250e-01	3.80754e-02
2.40000e-01	5.43750e-01	1.46830e-02
2.40000e-01	5.81250e-01	8.07925e-05
2.40000e-01	6.18750e-01	-6.75418e-03
2.40000e-01	6.56250e-01	-8.50120e-03
2.40000e-01	6.93750e-01	-7.68585e-03
2.40000e-01	7.31250e-01	-5.99338e-03
2.40000e-01	7.68750e-01	-4.31050e-03
2.40000e-01	8.06250e-01	-3.00001e-03
2.40000e-01	8.43750e-01	-2.15617e-03
2.40000e-01	8.81250e-01	-1.77464e-03
2.40000e-01	9.18750e-01	-1.85059e-03
2.40000e-01	9.56250e-01	-2.43603e-03
2.40000e-01	9.93750e-01	-3.68289e-03
2.40000e-01	1.03125e+00	-5.88984e-03
2.40000e-01	1.06875e+00	-9.56362e-03
2.40000e-01	1.10625e+00	-1.54997e-02
2.40000e-01	1.14375e+00	-2.48792e-02
2.40000e-01	1.18125e+00	-3.93647e-02
2.40000e-01	1.21875e+00	-6.11465e-02
2.40000e-01	1.25625e+00	-9.28273e-02
2.40000e-01	1.29375e+00	-1.36880e-01
2.40000e-01	1.33125e+00	-1.94058e-01
2.40000e-01	1.36875e+00	-2.59242e-01
2.40000e-01	1.40625e+00	-3.10821e-01
2.40000e-01	1.44375e+00	-2.83749e-01
2.40000e-01	1.48125e+00	-3.02305e-03
2.40000e-01	1.50000e+00	-3.02303e-03

2.55000e-01	0.00000e+00	0.00000e+00
2.55000e-01	1.87500e-02	7.35227e-02
2.55000e-01	5.62500e-02	9.18554e-02
2.55000e-01	9.37500e-02	9.22754e-02
2.55000e-01	1.31250e-01	9.01707e-02
2.55000e-01	1.68750e-01	8.90388e-02
2.55000e-01	2.06250e-01	8.91773e-02
2.55000e-01	2.43750e-01	8.99600e-02
2.55000e-01	2.81250e-01	9.03273e-02
2.55000e-01	3.18750e-01	8.88660e-02
2.55000e-01	3.56250e-01	8.39540e-02
2.55000e-01	3.93750e-01	7.42166e-02
2.55000e-01	4.31250e-01	5.93549e-02
2.55000e-01	4.68750e-01	4.09985e-02
2.55000e-01	5.06250e-01	2.26799e-02
2.55000e-01	5.43750e-01	8.16184e-03
2.55000e-01	5.81250e-01	-8.47906e-04
2.55000e-01	6.18750e-01	-4.96569e-03
2.55000e-01	6.56250e-01	-5.87673e-03
2.55000e-01	6.93750e-01	-5.19170e-03
2.55000e-01	7.31250e-01	-3.98944e-03
2.55000e-01	7.68750e-01	-2.83301e-03
2.55000e-01	8.06250e-01	-1.94546e-03
2.55000e-01	8.43750e-01	-1.37663e-03
2.55000e-01	8.81250e-01	-1.11455e-03
2.55000e-01	9.18750e-01	-1.14909e-03
2.55000e-01	9.56250e-01	-1.50870e-03
2.55000e-01	9.93750e-01	-2.28790e-03
2.55000e-01	1.03125e+00	-3.67768e-03
2.55000e-01	1.06875e+00	-6.00649e-03
2.55000e-01	1.10625e+00	-9.79560e-03
2.55000e-01	1.14375e+00	-1.58284e-02
2.55000e-01	1.18125e+00	-2.52252e-02
2.55000e-01	1.21875e+00	-3.94966e-02
2.55000e-01	1.25625e+00	-6.05103e-02
2.55000e-01	1.29375e+00	-9.02086e-02
2.55000e-01	1.33125e+00	-1.29670e-01
2.55000e-01	1.36875e+00	-1.76426e-01
2.55000e-01	1.40625e+00	-2.16934e-01
2.55000e-01	1.44375e+00	-2.05222e-01
2.55000e-01	1.48125e+00	-2.62115e-03
2.55000e-01	1.50000e+00	-2.62114e-03

2.70000e-01	0.00000e+00	0.00000e+00
2.70000e-01	1.87500e-02	3.48322e-02
2.70000e-01	5.62500e-02	4.80305e-02
2.70000e-01	9.37500e-02	4.77922e-02
2.70000e-01	1.31250e-01	4.63010e-02
2.70000e-01	1.68750e-01	4.55618e-02
2.70000e-01	2.06250e-01	4.56259e-02
2.70000e-01	2.43750e-01	4.60967e-02
2.70000e-01	2.81250e-01	4.63797e-02
2.70000e-01	3.18750e-01	4.57060e-02
2.70000e-01	3.56250e-01	4.32025e-02
2.70000e-01	3.93750e-01	3.81360e-02
2.70000e-01	4.31250e-01	3.03578e-02
2.70000e-01	4.68750e-01	2.07484e-02
2.70000e-01	5.06250e-01	1.11827e-02
2.70000e-01	5.43750e-01	3.63748e-03
2.70000e-01	5.81250e-01	-9.88893e-04
2.70000e-01	6.18750e-01	-3.02662e-03
2.70000e-01	6.56250e-01	-3.37968e-03
2.70000e-01	6.93750e-01	-2.91273e-03
2.70000e-01	7.31250e-01	-2.20142e-03
2.70000e-01	7.68750e-01	-1.54081e-03
2.70000e-01	8.06250e-01	-1.04218e-03
2.70000e-01	8.43750e-01	-7.24683e-04
2.70000e-01	8.81250e-01	-5.75954e-04
2.70000e-01	9.18750e-01	-5.86232e-04
2.70000e-01	9.56250e-01	-7.67579e-04
2.70000e-01	9.93750e-01	-1.16823e-03
2.70000e-01	1.03125e+00	-1.88885e-03
2.70000e-01	1.06875e+00	-3.10504e-03
2.70000e-01	1.10625e+00	-5.09867e-03
2.70000e-01	1.14375e+00	-8.29851e-03
2.70000e-01	1.18125e+00	-1.33272e-02
2.70000e-01	1.21875e+00	-2.10433e-02
2.70000e-01	1.25625e+00	-3.25475e-02
2.70000e-01	1.29375e+00	-4.90754e-02
2.70000e-01	1.33125e+00	-7.15618e-02
2.70000e-01	1.36875e+00	-9.92594e-02
2.70000e-01	1.40625e+00	-1.25437e-01
2.70000e-01	1.44375e+00	-1.23542e-01
2.70000e-01	1.48125e+00	-1.99448e-03
2.70000e-01	1.50000e+00	-1.99447e-03

2.85000e-01	0.00000e+00	0.00000e+00
2.85000e-01	1.87500e-02	1.06269e-02
2.85000e-01	5.62500e-02	1.69745e-02
2.85000e-01	9.37500e-02	1.65391e-02
2.85000e-01	1.31250e-01	1.58402e-02
2.85000e-01	1.68750e-01	1.55276e-02
2.85000e-01	2.06250e-01	1.55514e-02
2.85000e-01	2.43750e-01	1.57438e-02
2.85000e-01	2.81250e-01	1.58834e-02
2.85000e-01	3.18750e-01	1.56915e-02
2.85000e-01	3.56250e-01	1.48522e-02
2.85000e-01	3.93750e-01	1.30991e-02
2.85000e-01	4.31250e-01	1.03766e-02
2.85000e-01	4.68750e-01	7.00051e-03
2.85000e-01	5.06250e-01	3.64495e-03
2.85000e-01	5.43750e-01	1.01764e-03
2.85000e-01	5.81250e-01	-5.63281e-04
2.85000e-01	6.18750e-01	-1.22336e-03
2.85000e-01	6.56250e-01	-1.29336e-03
2.85000e-01	6.93750e-01	-1.08590e-03
2.85000e-01	7.31250e-01	-8.05762e-04
2.85000e-01	7.68750e-01	-5.54867e-04
2.85000e-01	8.06250e-01	-3.68980e-04
2.85000e-01	8.43750e-01	-2.51575e-04
2.85000e-01	8.81250e-01	-1.95768e-04
2.85000e-01	9.18750e-01	-1.96330e-04
2.85000e-01	9.56250e-01	-2.56275e-04
2.85000e-01	9.93750e-01	-3.91745e-04
2.85000e-01	1.03125e+00	-6.37718e-04
2.85000e-01	1.06875e+00	-1.05616e-03
2.85000e-01	1.10625e+00	-1.74768e-03
2.85000e-01	1.14375e+00	-2.86719e-03
2.85000e-01	1.18125e+00	-4.64298e-03
2.85000e-01	1.21875e+00	-7.39649e-03
2.85000e-01	1.25625e+00	-1.15537e-02
2.85000e-01	1.29375e+00	-1.76244e-02
2.85000e-01	1.33125e+00	-2.60794e-02
2.85000e-01	1.36875e+00	-3.69030e-02
2.85000e-01	1.40625e+00	-4.80253e-02
2.85000e-01	1.44375e+00	-4.94899e-02
2.85000e-01	1.48125e+00	-1.12910e-03
2.85000e-01	1.50000e+00	-1.12910e-03

3.00000e-01	0.00000e+00	0.00000e+00
3.00000e-01	1.87500e-02	0.00000e+00
3.00000e-01	5.62500e-02	0.00000e+00
3.00000e-01	9.37500e-02	0.00000e+00
3.00000e-01	1.31250e-01	0.00000e+00
3.00000e-01	1.68750e-01	0.00000e+00
3.00000e-01	2.06250e-01	0.00000e+00
3.00000e-01	2.43750e-01	0.00000e+00
3.00000e-01	2.81250e-01	0.00000e+00
3.00000e-01	3.18750e-01	0.00000e+00
3.00000e-01	3.56250e-01	0.00000e+00
3.00000e-01	3.93750e-01	0.00000e+00
3.00000e-01	4.31250e-01	0.00000e+00
3.00000e-01	4.68750e-01	0.00000e+00
3.00000e-01	5.06250e-01	0.00000e+00
3.00000e-01	5.43750e-01	0.00000e+00
3.00000e-01	5.81250e-01	0.00000e+00
3.00000e-01	6.18750e-01	0.00000e+00
3.00000e-01	6.56250e-01	0.00000e+00
3.00000e-01	6.93750e-01	0.00000e+00
3.00000e-01	7.31250e-01	0.00000e+00
3.00000e-01	7.68750e-01	0.00000e+00
3.00000e-01	8.06250e-01	0.00000e+00
3.00000e-01	8.43750e-01	0.00000e+00
3.00000e-01	8.81250e-01	0.00000e+00
3.00000e-01	9.18750e-01	0.00000e+00
3.00000e-01	9.56250e-01	0.00000e+00
3.00000e-01	9.93750e-01	0.00000e+00
3.00000e-01	1.03125e+00	0.00000e+00
3.00000e-01	1.06875e+00	0.00000e+00
3.00000e-01	1.10625e+00	0.00000e+00
3.00000e-01	1.14375e+00	0.00000e+00
3.00000e-01	1.18125e+00	0.00000e+00
3.00000e-01	1.21875e+00	0.00000e+00
3.00000e-01	1.25625e+00	0.00000e+00
3.00000e-01	1.29375e+00	0.00000e+00
3.00000e-01	1.33125e+00	0.00000e+00
3.00000e-01	1.36875e+00	0.00000e+00
3.00000e-01	1.40625e+00	0.00000e+00
3.00000e-01	1.44375e+00	0.00000e+00
3.00000e-01	1.48125e+00	0.00000e+00
3.00000e-01	1.50000e+00	0.00000e+00

