0.00000e+00	0.00000e+00	0.00000e+00
0.00000e+00	3.75000e-02	0.00000e+00
0.00000e+00	7.50000e-02	0.00000e+00
0.00000e+00	1.12500e-01	0.00000e+00
0.00000e+00	1.50000e-01	0.00000e+00
0.00000e+00	1.87500e-01	0.00000e+00
0.00000e+00	2.25000e-01	0.00000e+00
0.00000e+00	2.62500e-01	0.00000e+00
0.00000e+00	3.00000e-01	0.00000e+00
0.00000e+00	3.37500e-01	0.00000e+00
0.00000e+00	3.75000e-01	0.00000e+00
0.00000e+00	4.12500e-01	0.00000e+00
0.00000e+00	4.50000e-01	0.00000e+00
0.00000e+00	4.87500e-01	0.00000e+00
0.00000e+00	5.25000e-01	0.00000e+00
0.00000e+00	5.62500e-01	0.00000e+00
0.00000e+00	6.00000e-01	0.00000e+00
0.00000e+00	6.37500e-01	0.00000e+00
0.00000e+00	6.75000e-01	0.00000e+00
0.00000e+00	7.12500e-01	0.00000e+00
0.00000e+00	7.50000e-01	0.00000e+00
0.00000e+00	7.87500e-01	0.00000e+00
0.00000e+00	8.25000e-01	0.00000e+00
0.00000e+00	8.62500e-01	0.00000e+00
0.00000e+00	9.00000e-01	0.00000e+00
0.00000e+00	9.37500e-01	0.00000e+00
0.00000e+00	9.75000e-01	0.00000e+00
0.00000e+00	1.01250e+00	0.00000e+00
0.00000e+00	1.05000e+00	0.00000e+00
0.00000e+00	1.08750e+00	0.00000e+00
0.00000e+00	1.12500e+00	0.00000e+00
0.00000e+00	1.16250e+00	0.00000e+00
0.00000e+00	1.20000e+00	0.00000e+00
0.00000e+00	1.23750e+00	0.00000e+00
0.00000e+00	1.27500e+00	0.00000e+00
0.00000e+00	1.31250e+00	0.00000e+00
0.00000e+00	1.35000e+00	0.00000e+00
0.00000e+00	1.38750e+00	0.00000e+00
0.00000e+00	1.42500e+00	0.00000e+00
0.00000e+00	1.46250e+00	0.00000e+00
0.00000e+00	1.50000e+00	0.00000e+00

7.50000e-03	0.00000e+00	0.00000e+00
7.50000e-03	3.75000e-02	3.28693e-01
7.50000e-03	7.50000e-02	7.11018e-01
7.50000e-03	1.12500e-01	1.08587e+00
7.50000e-03	1.50000e-01	1.47732e+00
7.50000e-03	1.87500e-01	1.90357e+00
7.50000e-03	2.25000e-01	2.38584e+00
7.50000e-03	2.62500e-01	2.96733e+00
7.50000e-03	3.00000e-01	3.69572e+00
7.50000e-03	3.37500e-01	4.49521e+00
7.50000e-03	3.75000e-01	5.63652e+00
7.50000e-03	4.12500e-01	6.59346e+00
7.50000e-03	4.50000e-01	7.89956e+00
7.50000e-03	4.87500e-01	8.95947e+00
7.50000e-03	5.25000e-01	8.48965e+00
7.50000e-03	5.62500e-01	7.78083e+00
7.50000e-03	6.00000e-01	7.23034e+00
7.50000e-03	6.37500e-01	6.93612e+00
7.50000e-03	6.75000e-01	6.78232e+00
7.50000e-03	7.12500e-01	6.68246e+00
7.50000e-03	7.50000e-01	6.58206e+00
7.50000e-03	7.87500e-01	6.46648e+00
7.50000e-03	8.25000e-01	6.38919e+00
7.50000e-03	8.62500e-01	6.48841e+00
7.50000e-03	9.00000e-01	6.83056e+00
7.50000e-03	9.37500e-01	7.30688e+00
7.50000e-03	9.75000e-01	7.75764e+00
7.50000e-03	1.01250e+00	8.06699e+00
7.50000e-03	1.05000e+00	8.22531e+00
7.50000e-03	1.08750e+00	8.24260e+00
7.50000e-03	1.12500e+00	8.15813e+00
7.50000e-03	1.16250e+00	7.98549e+00
7.50000e-03	1.20000e+00	7.67515e+00
7.50000e-03	1.23750e+00	7.28278e+00
7.50000e-03	1.27500e+00	6.95787e+00
7.50000e-03	1.31250e+00	6.73531e+00
7.50000e-03	1.35000e+00	6.57848e+00
7.50000e-03	1.38750e+00	6.54748e+00
7.50000e-03	1.42500e+00	6.79501e+00
7.50000e-03	1.46250e+00	7.33768e+00
7.50000e-03	1.50000e+00	7.32395e+00

2.25000e-02	0.00000e+00	0.00000e+00
2.25000e-02	3.75000e-02	3.08023e-01
2.25000e-02	7.50000e-02	6.24582e-01
2.25000e-02	1.12500e-01	9.68641e-01
2.25000e-02	1.50000e-01	1.33529e+00
2.25000e-02	1.87500e-01	1.72361e+00
2.25000e-02	2.25000e-01	2.13822e+00
2.25000e-02	2.62500e-01	2.59233e+00
2.25000e-02	3.00000e-01	3.15228e+00
2.25000e-02	3.37500e-01	4.18989e+00
2.25000e-02	3.75000e-01	5.52811e+00
2.25000e-02	4.12500e-01	5.71490e+00
2.25000e-02	4.50000e-01	5.82045e+00
2.25000e-02	4.87500e-01	6.20212e+00
2.25000e-02	5.25000e-01	5.89430e+00
2.25000e-02	5.62500e-01	5.85454e+00
2.25000e-02	6.00000e-01	5.86940e+00
2.25000e-02	6.37500e-01	5.92061e+00
2.25000e-02	6.75000e-01	5.95299e+00
2.25000e-02	7.12500e-01	5.92693e+00
2.25000e-02	7.50000e-01	5.84334e+00
2.25000e-02	7.87500e-01	5.72220e+00
2.25000e-02	8.25000e-01	5.59147e+00
2.25000e-02	8.62500e-01	5.46315e+00
2.25000e-02	9.00000e-01	5.33813e+00
2.25000e-02	9.37500e-01	5.22582e+00
2.25000e-02	9.75000e-01	5.15228e+00
2.25000e-02	1.01250e+00	5.15854e+00
2.25000e-02	1.05000e+00	5.22557e+00
2.25000e-02	1.08750e+00	5.27185e+00
2.25000e-02	1.12500e+00	5.25906e+00
2.25000e-02	1.16250e+00	5.22205e+00
2.25000e-02	1.20000e+00	5.24036e+00
2.25000e-02	1.23750e+00	5.30991e+00
2.25000e-02	1.27500e+00	5.35952e+00
2.25000e-02	1.31250e+00	5.40631e+00
2.25000e-02	1.35000e+00	5.53422e+00
2.25000e-02	1.38750e+00	5.75912e+00
2.25000e-02	1.42500e+00	6.06989e+00
2.25000e-02	1.46250e+00	6.16219e+00
2.25000e-02	1.50000e+00	6.15067e+00

3.75000e-02	0.00000e+00	0.00000e+00
3.75000e-02	3.75000e-02	2.85756e-01
3.75000e-02	7.50000e-02	6.01013e-01
3.75000e-02	1.12500e-01	9.36200e-01
3.75000e-02	1.50000e-01	1.29232e+00
3.75000e-02	1.87500e-01	1.66879e+00
3.75000e-02	2.25000e-01	2.06682e+00
3.75000e-02	2.62500e-01	2.49122e+00
3.75000e-02	3.00000e-01	2.95833e+00
3.75000e-02	3.37500e-01	3.44771e+00
3.75000e-02	3.75000e-01	3.84067e+00
3.75000e-02	4.12500e-01	4.49816e+00
3.75000e-02	4.50000e-01	4.62526e+00
3.75000e-02	4.87500e-01	5.05788e+00
3.75000e-02	5.25000e-01	5.07814e+00
3.75000e-02	5.62500e-01	5.31809e+00
3.75000e-02	6.00000e-01	5.51082e+00
3.75000e-02	6.37500e-01	5.60295e+00
3.75000e-02	6.75000e-01	5.62792e+00
3.75000e-02	7.12500e-01	5.60089e+00
3.75000e-02	7.50000e-01	5.54029e+00
3.75000e-02	7.87500e-01	5.46470e+00
3.75000e-02	8.25000e-01	5.37760e+00
3.75000e-02	8.62500e-01	5.26885e+00
3.75000e-02	9.00000e-01	5.14976e+00
3.75000e-02	9.37500e-01	5.05454e+00
3.75000e-02	9.75000e-01	4.99079e+00
3.75000e-02	1.01250e+00	4.94788e+00
3.75000e-02	1.05000e+00	4.92938e+00
3.75000e-02	1.08750e+00	4.92369e+00
3.75000e-02	1.12500e+00	4.91518e+00
3.75000e-02	1.16250e+00	4.90876e+00
3.75000e-02	1.20000e+00	4.93227e+00
3.75000e-02	1.23750e+00	4.99492e+00
3.75000e-02	1.27500e+00	5.08415e+00
3.75000e-02	1.31250e+00	5.23240e+00
3.75000e-02	1.35000e+00	5.49274e+00
3.75000e-02	1.38750e+00	5.83506e+00
3.75000e-02	1.42500e+00	6.10672e+00
3.75000e-02	1.46250e+00	6.09978e+00
3.75000e-02	1.50000e+00	6.08837e+00

5.25000e-02	0.00000e+00	0.00000e+00
5.25000e-02	3.75000e-02	2.64126e-01
5.25000e-02	7.50000e-02	5.75526e-01
5.25000e-02	1.12500e-01	9.05777e-01
5.25000e-02	1.50000e-01	1.25614e+00
5.25000e-02	1.87500e-01	1.62331e+00
5.25000e-02	2.25000e-01	2.00516e+00
5.25000e-02	2.62500e-01	2.39779e+00
5.25000e-02	3.00000e-01	2.77806e+00
5.25000e-02	3.37500e-01	3.03983e+00
5.25000e-02	3.75000e-01	3.08898e+00
5.25000e-02	4.12500e-01	3.89626e+00
5.25000e-02	4.50000e-01	4.58308e+00
5.25000e-02	4.87500e-01	5.20432e+00
5.25000e-02	5.25000e-01	5.21041e+00
5.25000e-02	5.62500e-01	5.39356e+00
5.25000e-02	6.00000e-01	5.50325e+00
5.25000e-02	6.37500e-01	5.51418e+00
5.25000e-02	6.75000e-01	5.48251e+00
5.25000e-02	7.12500e-01	5.42878e+00
5.25000e-02	7.50000e-01	5.36727e+00
5.25000e-02	7.87500e-01	5.31346e+00
5.25000e-02	8.25000e-01	5.26833e+00
5.25000e-02	8.62500e-01	5.21030e+00
5.25000e-02	9.00000e-01	5.13183e+00
5.25000e-02	9.37500e-01	5.05496e+00
5.25000e-02	9.75000e-01	4.99047e+00
5.25000e-02	1.01250e+00	4.93550e+00
5.25000e-02	1.05000e+00	4.89167e+00
5.25000e-02	1.08750e+00	4.87379e+00
5.25000e-02	1.12500e+00	4.88122e+00
5.25000e-02	1.16250e+00	4.90646e+00
5.25000e-02	1.20000e+00	4.94704e+00
5.25000e-02	1.23750e+00	5.00542e+00
5.25000e-02	1.27500e+00	5.10168e+00
5.25000e-02	1.31250e+00	5.26723e+00
5.25000e-02	1.35000e+00	5.52374e+00
5.25000e-02	1.38750e+00	5.85625e+00
5.25000e-02	1.42500e+00	6.15485e+00
5.25000e-02	1.46250e+00	6.25018e+00
5.25000e-02	1.50000e+00	6.23848e+00

6.75000e-02	0.00000e+00	0.00000e+00
6.75000e-02	3.75000e-02	2.40867e-01
6.75000e-02	7.50000e-02	5.48441e-01
6.75000e-02	1.12500e-01	8.75659e-01
6.75000e-02	1.50000e-01	1.22159e+00
6.75000e-02	1.87500e-01	1.58148e+00
6.75000e-02	2.25000e-01	1.94928e+00
6.75000e-02	2.62500e-01	2.31531e+00
6.75000e-02	3.00000e-01	2.64905e+00
6.75000e-02	3.37500e-01	2.87377e+00
6.75000e-02	3.75000e-01	3.04838e+00
6.75000e-02	4.12500e-01	3.56179e+00
6.75000e-02	4.50000e-01	4.89876e+00
6.75000e-02	4.87500e-01	6.14128e+00
6.75000e-02	5.25000e-01	6.11762e+00
6.75000e-02	5.62500e-01	5.91091e+00
6.75000e-02	6.00000e-01	5.69499e+00
6.75000e-02	6.37500e-01	5.52152e+00
6.75000e-02	6.75000e-01	5.39426e+00
6.75000e-02	7.12500e-01	5.29664e+00
6.75000e-02	7.50000e-01	5.22116e+00
6.75000e-02	7.87500e-01	5.17044e+00
6.75000e-02	8.25000e-01	5.14052e+00
6.75000e-02	8.62500e-01	5.10863e+00
6.75000e-02	9.00000e-01	5.05316e+00
6.75000e-02	9.37500e-01	4.97968e+00
6.75000e-02	9.75000e-01	4.90790e+00
6.75000e-02	1.01250e+00	4.84920e+00
6.75000e-02	1.05000e+00	4.80410e+00
6.75000e-02	1.08750e+00	4.78714e+00
6.75000e-02	1.12500e+00	4.79827e+00
6.75000e-02	1.16250e+00	4.82783e+00
6.75000e-02	1.20000e+00	4.87145e+00
6.75000e-02	1.23750e+00	4.93268e+00
6.75000e-02	1.27500e+00	5.02811e+00
6.75000e-02	1.31250e+00	5.17206e+00
6.75000e-02	1.35000e+00	5.35730e+00
6.75000e-02	1.38750e+00	5.56934e+00
6.75000e-02	1.42500e+00	5.75284e+00
6.75000e-02	1.46250e+00	5.85171e+00
6.75000e-02	1.50000e+00	5.84077e+00

8.25000e-02	0.00000e+00	0.00000e+00
8.25000e-02	3.75000e-02	2.12941e-01
8.25000e-02	7.50000e-02	5.19349e-01
8.25000e-02	1.12500e-01	8.44917e-01
8.25000e-02	1.50000e-01	1.18707e+00
8.25000e-02	1.87500e-01	1.54023e+00
8.25000e-02	2.25000e-01	1.89837e+00
8.25000e-02	2.62500e-01	2.23902e+00
8.25000e-02	3.00000e-01	2.52856e+00
8.25000e-02	3.37500e-01	2.75130e+00
8.25000e-02	3.75000e-01	2.98722e+00
8.25000e-02	4.12500e-01	3.48349e+00
8.25000e-02	4.50000e-01	4.34640e+00
8.25000e-02	4.87500e-01	5.46239e+00
8.25000e-02	5.25000e-01	5.88994e+00
8.25000e-02	5.62500e-01	5.81389e+00
8.25000e-02	6.00000e-01	5.59848e+00
8.25000e-02	6.37500e-01	5.38729e+00
8.25000e-02	6.75000e-01	5.22554e+00
8.25000e-02	7.12500e-01	5.10913e+00
8.25000e-02	7.50000e-01	5.02735e+00
8.25000e-02	7.87500e-01	4.97532e+00
8.25000e-02	8.25000e-01	4.94486e+00
8.25000e-02	8.62500e-01	4.91514e+00
8.25000e-02	9.00000e-01	4.86472e+00
8.25000e-02	9.37500e-01	4.79311e+00
8.25000e-02	9.75000e-01	4.72052e+00
8.25000e-02	1.01250e+00	4.66351e+00
8.25000e-02	1.05000e+00	4.62119e+00
8.25000e-02	1.08750e+00	4.60205e+00
8.25000e-02	1.12500e+00	4.60619e+00
8.25000e-02	1.16250e+00	4.62727e+00
8.25000e-02	1.20000e+00	4.66569e+00
8.25000e-02	1.23750e+00	4.72655e+00
8.25000e-02	1.27500e+00	4.81325e+00
8.25000e-02	1.31250e+00	4.92226e+00
8.25000e-02	1.35000e+00	5.03851e+00
8.25000e-02	1.38750e+00	5.14650e+00
8.25000e-02	1.42500e+00	5.22062e+00
8.25000e-02	1.46250e+00	5.25778e+00
8.25000e-02	1.50000e+00	5.24794e+00

9.75000e-02	0.00000e+00	0.00000e+00
9.75000e-02	3.75000e-02	1.71371e-01
9.75000e-02	7.50000e-02	4.67531e-01
9.75000e-02	1.12500e-01	7.76859e-01
9.75000e-02	1.50000e-01	1.11168e+00
9.75000e-02	1.87500e-01	1.45993e+00
9.75000e-02	2.25000e-01	1.81427e+00
9.75000e-02	2.62500e-01	2.18183e+00
9.75000e-02	3.00000e-01	2.56045e+00
9.75000e-02	3.37500e-01	2.87651e+00
9.75000e-02	3.75000e-01	3.19089e+00
9.75000e-02	4.12500e-01	3.59536e+00
9.75000e-02	4.50000e-01	3.87891e+00
9.75000e-02	4.87500e-01	4.19648e+00
9.75000e-02	5.25000e-01	4.63672e+00
9.75000e-02	5.62500e-01	4.94584e+00
9.75000e-02	6.00000e-01	5.04041e+00
9.75000e-02	6.37500e-01	4.99575e+00
9.75000e-02	6.75000e-01	4.90574e+00
9.75000e-02	7.12500e-01	4.81905e+00
9.75000e-02	7.50000e-01	4.75143e+00
9.75000e-02	7.87500e-01	4.70498e+00
9.75000e-02	8.25000e-01	4.67313e+00
9.75000e-02	8.62500e-01	4.63984e+00
9.75000e-02	9.00000e-01	4.59061e+00
9.75000e-02	9.37500e-01	4.52573e+00
9.75000e-02	9.75000e-01	4.46062e+00
9.75000e-02	1.01250e+00	4.40809e+00
9.75000e-02	1.05000e+00	4.36680e+00
9.75000e-02	1.08750e+00	4.34332e+00
9.75000e-02	1.12500e+00	4.33923e+00
9.75000e-02	1.16250e+00	4.35168e+00
9.75000e-02	1.20000e+00	4.38265e+00
9.75000e-02	1.23750e+00	4.43595e+00
9.75000e-02	1.27500e+00	4.50740e+00
9.75000e-02	1.31250e+00	4.58303e+00
9.75000e-02	1.35000e+00	4.64507e+00
9.75000e-02	1.38750e+00	4.67997e+00
9.75000e-02	1.42500e+00	4.67554e+00
9.75000e-02	1.46250e+00	4.64960e+00
9.75000e-02	1.50000e+00	4.64091e+00

1.12500e-01	0.00000e+00	0.00000e+00
1.12500e-01	3.75000e-02	1.16327e-01
1.12500e-01	7.50000e-02	4.53528e-01
1.12500e-01	1.12500e-01	8.10824e-01
1.12500e-01	1.50000e-01	1.15828e+00
1.12500e-01	1.87500e-01	1.50360e+00
1.12500e-01	2.25000e-01	1.84859e+00
1.12500e-01	2.62500e-01	2.18195e+00
1.12500e-01	3.00000e-01	2.49614e+00
1.12500e-01	3.37500e-01	2.82249e+00
1.12500e-01	3.75000e-01	3.15880e+00
1.12500e-01	4.12500e-01	3.48574e+00
1.12500e-01	4.50000e-01	3.61194e+00
1.12500e-01	4.87500e-01	3.65896e+00
1.12500e-01	5.25000e-01	3.82852e+00
1.12500e-01	5.62500e-01	4.11299e+00
1.12500e-01	6.00000e-01	4.35514e+00
1.12500e-01	6.37500e-01	4.46133e+00
1.12500e-01	6.75000e-01	4.46856e+00
1.12500e-01	7.12500e-01	4.43700e+00
1.12500e-01	7.50000e-01	4.40042e+00
1.12500e-01	7.87500e-01	4.37047e+00
1.12500e-01	8.25000e-01	4.34522e+00
1.12500e-01	8.62500e-01	4.31446e+00
1.12500e-01	9.00000e-01	4.27088e+00
1.12500e-01	9.37500e-01	4.21722e+00
1.12500e-01	9.75000e-01	4.16352e+00
1.12500e-01	1.01250e+00	4.11689e+00
1.12500e-01	1.05000e+00	4.07703e+00
1.12500e-01	1.08750e+00	4.05074e+00
1.12500e-01	1.12500e+00	4.04144e+00
1.12500e-01	1.16250e+00	4.04828e+00
1.12500e-01	1.20000e+00	4.07242e+00
1.12500e-01	1.23750e+00	4.11428e+00
1.12500e-01	1.27500e+00	4.16531e+00
1.12500e-01	1.31250e+00	4.20886e+00
1.12500e-01	1.35000e+00	4.22860e+00
1.12500e-01	1.38750e+00	4.21449e+00
1.12500e-01	1.42500e+00	4.16121e+00
1.12500e-01	1.46250e+00	4.09693e+00
1.12500e-01	1.50000e+00	4.08927e+00

1.27500e-01	0.00000e+00	0.00000e+00
1.27500e-01	3.75000e-02	1.13436e-01
1.27500e-01	7.50000e-02	4.39407e-01
1.27500e-01	1.12500e-01	7.95561e-01
1.27500e-01	1.50000e-01	1.15803e+00
1.27500e-01	1.87500e-01	1.51061e+00
1.27500e-01	2.25000e-01	1.84991e+00
1.27500e-01	2.62500e-01	2.16984e+00
1.27500e-01	3.00000e-01	2.46503e+00
1.27500e-01	3.37500e-01	2.74782e+00
1.27500e-01	3.75000e-01	3.00485e+00
1.27500e-01	4.12500e-01	3.21463e+00
1.27500e-01	4.50000e-01	3.30834e+00
1.27500e-01	4.87500e-01	3.32098e+00
1.27500e-01	5.25000e-01	3.38215e+00
1.27500e-01	5.62500e-01	3.55755e+00
1.27500e-01	6.00000e-01	3.77355e+00
1.27500e-01	6.37500e-01	3.92454e+00
1.27500e-01	6.75000e-01	3.99135e+00
1.27500e-01	7.12500e-01	4.00855e+00
1.27500e-01	7.50000e-01	4.00694e+00
1.27500e-01	7.87500e-01	4.00020e+00
1.27500e-01	8.25000e-01	3.98915e+00
1.27500e-01	8.62500e-01	3.96818e+00
1.27500e-01	9.00000e-01	3.93514e+00
1.27500e-01	9.37500e-01	3.89431e+00
1.27500e-01	9.75000e-01	3.85222e+00
1.27500e-01	1.01250e+00	3.81251e+00
1.27500e-01	1.05000e+00	3.77626e+00
1.27500e-01	1.08750e+00	3.75046e+00
1.27500e-01	1.12500e+00	3.73933e+00
1.27500e-01	1.16250e+00	3.74262e+00
1.27500e-01	1.20000e+00	3.75955e+00
1.27500e-01	1.23750e+00	3.78715e+00
1.27500e-01	1.27500e+00	3.81540e+00
1.27500e-01	1.31250e+00	3.82901e+00
1.27500e-01	1.35000e+00	3.81480e+00
1.27500e-01	1.38750e+00	3.76657e+00
1.27500e-01	1.42500e+00	3.68499e+00
1.27500e-01	1.46250e+00	3.60331e+00
1.27500e-01	1.50000e+00	3.59657e+00

1.42500e-01	0.00000e+00	0.00000e+00
1.42500e-01	3.75000e-02	1.42030e-01
1.42500e-01	7.50000e-02	4.64634e-01
1.42500e-01	1.12500e-01	8.16208e-01
1.42500e-01	1.50000e-01	1.17009e+00
1.42500e-01	1.87500e-01	1.50978e+00
1.42500e-01	2.25000e-01	1.82912e+00
1.42500e-01	2.62500e-01	2.12393e+00
1.42500e-01	3.00000e-01	2.38961e+00
1.42500e-01	3.37500e-01	2.62868e+00
1.42500e-01	3.75000e-01	2.83171e+00
1.42500e-01	4.12500e-01	2.98048e+00
1.42500e-01	4.50000e-01	3.04856e+00
1.42500e-01	4.87500e-01	3.05784e+00
1.42500e-01	5.25000e-01	3.08085e+00
1.42500e-01	5.62500e-01	3.17696e+00
1.42500e-01	6.00000e-01	3.32402e+00
1.42500e-01	6.37500e-01	3.45313e+00
1.42500e-01	6.75000e-01	3.53461e+00
1.42500e-01	7.12500e-01	3.57976e+00
1.42500e-01	7.50000e-01	3.60596e+00
1.42500e-01	7.87500e-01	3.62177e+00
1.42500e-01	8.25000e-01	3.62729e+00
1.42500e-01	8.62500e-01	3.61938e+00
1.42500e-01	9.00000e-01	3.59864e+00
1.42500e-01	9.37500e-01	3.56989e+00
1.42500e-01	9.75000e-01	3.53803e+00
1.42500e-01	1.01250e+00	3.50561e+00
1.42500e-01	1.05000e+00	3.47479e+00
1.42500e-01	1.08750e+00	3.45192e+00
1.42500e-01	1.12500e+00	3.44094e+00
1.42500e-01	1.16250e+00	3.44135e+00
1.42500e-01	1.20000e+00	3.45053e+00
1.42500e-01	1.23750e+00	3.46323e+00
1.42500e-01	1.27500e+00	3.46936e+00
1.42500e-01	1.31250e+00	3.45624e+00
1.42500e-01	1.35000e+00	3.41412e+00
1.42500e-01	1.38750e+00	3.34029e+00
1.42500e-01	1.42500e+00	3.24090e+00
1.42500e-01	1.46250e+00	3.15367e+00
1.42500e-01	1.50000e+00	3.14777e+00

1.57500e-01	0.00000e+00	0.00000e+00
1.57500e-01	3.75000e-02	1.89232e-01
1.57500e-01	7.50000e-02	5.14975e-01
1.57500e-01	1.12500e-01	8.54992e-01
1.57500e-01	1.50000e-01	1.18796e+00
1.57500e-01	1.87500e-01	1.50297e+00
1.57500e-01	2.25000e-01	1.79453e+00
1.57500e-01	2.62500e-01	2.05969e+00
1.57500e-01	3.00000e-01	2.29604e+00
1.57500e-01	3.37500e-01	2.50041e+00
1.57500e-01	3.75000e-01	2.66391e+00
1.57500e-01	4.12500e-01	2.77266e+00
1.57500e-01	4.50000e-01	2.81958e+00
1.57500e-01	4.87500e-01	2.82269e+00
1.57500e-01	5.25000e-01	2.82393e+00
1.57500e-01	5.62500e-01	2.86655e+00
1.57500e-01	6.00000e-01	2.95239e+00
1.57500e-01	6.37500e-01	3.04454e+00
1.57500e-01	6.75000e-01	3.11870e+00
1.57500e-01	7.12500e-01	3.17480e+00
1.57500e-01	7.50000e-01	3.21863e+00
1.57500e-01	7.87500e-01	3.25181e+00
1.57500e-01	8.25000e-01	3.27198e+00
1.57500e-01	8.62500e-01	3.27664e+00
1.57500e-01	9.00000e-01	3.26733e+00
1.57500e-01	9.37500e-01	3.24873e+00
1.57500e-01	9.75000e-01	3.22529e+00
1.57500e-01	1.01250e+00	3.19977e+00
1.57500e-01	1.05000e+00	3.17494e+00
1.57500e-01	1.08750e+00	3.15605e+00
1.57500e-01	1.12500e+00	3.14609e+00
1.57500e-01	1.16250e+00	3.14389e+00
1.57500e-01	1.20000e+00	3.14553e+00
1.57500e-01	1.23750e+00	3.14446e+00
1.57500e-01	1.27500e+00	3.13117e+00
1.57500e-01	1.31250e+00	3.09540e+00
1.57500e-01	1.35000e+00	3.03026e+00
1.57500e-01	1.38750e+00	2.93602e+00
1.57500e-01	1.42500e+00	2.82421e+00
1.57500e-01	1.46250e+00	2.73733e+00
1.57500e-01	1.50000e+00	2.73221e+00

1.72500e-01	0.00000e+00	0.00000e+00
1.72500e-01	3.75000e-02	2.54141e-01
1.72500e-01	7.50000e-02	5.78860e-01
1.72500e-01	1.12500e-01	8.97699e-01
1.72500e-01	1.50000e-01	1.20169e+00
1.72500e-01	1.87500e-01	1.48524e+00
1.72500e-01	2.25000e-01	1.74485e+00
1.72500e-01	2.62500e-01	1.97845e+00
1.72500e-01	3.00000e-01	2.18434e+00
1.72500e-01	3.37500e-01	2.35686e+00
1.72500e-01	3.75000e-01	2.48804e+00
1.72500e-01	4.12500e-01	2.56971e+00
1.72500e-01	4.50000e-01	2.60077e+00
1.72500e-01	4.87500e-01	2.59400e+00
1.72500e-01	5.25000e-01	2.57682e+00
1.72500e-01	5.62500e-01	2.58175e+00
1.72500e-01	6.00000e-01	2.62134e+00
1.72500e-01	6.37500e-01	2.67987e+00
1.72500e-01	6.75000e-01	2.74064e+00
1.72500e-01	7.12500e-01	2.79858e+00
1.72500e-01	7.50000e-01	2.85183e+00
1.72500e-01	7.87500e-01	2.89646e+00
1.72500e-01	8.25000e-01	2.92760e+00
1.72500e-01	8.62500e-01	2.94243e+00
1.72500e-01	9.00000e-01	2.94236e+00
1.72500e-01	9.37500e-01	2.93168e+00
1.72500e-01	9.75000e-01	2.91486e+00
1.72500e-01	1.01250e+00	2.89528e+00
1.72500e-01	1.05000e+00	2.87602e+00
1.72500e-01	1.08750e+00	2.86112e+00
1.72500e-01	1.12500e+00	2.85239e+00
1.72500e-01	1.16250e+00	2.84796e+00
1.72500e-01	1.20000e+00	2.84304e+00
1.72500e-01	1.23750e+00	2.83053e+00
1.72500e-01	1.27500e+00	2.80161e+00
1.72500e-01	1.31250e+00	2.74775e+00
1.72500e-01	1.35000e+00	2.66402e+00
1.72500e-01	1.38750e+00	2.55320e+00
1.72500e-01	1.42500e+00	2.43196e+00
1.72500e-01	1.46250e+00	2.34757e+00
1.72500e-01	1.50000e+00	2.34317e+00

1.87500e-01	0.00000e+00	0.00000e+00
1.87500e-01	3.75000e-02	3.30675e-01
1.87500e-01	7.50000e-02	6.43541e-01
1.87500e-01	1.12500e-01	9.32331e-01
1.87500e-01	1.50000e-01	1.20180e+00
1.87500e-01	1.87500e-01	1.45022e+00
1.87500e-01	2.25000e-01	1.67594e+00
1.87500e-01	2.62500e-01	1.87747e+00
1.87500e-01	3.00000e-01	2.05309e+00
1.87500e-01	3.37500e-01	2.19670e+00
1.87500e-01	3.75000e-01	2.30132e+00
1.87500e-01	4.12500e-01	2.36200e+00
1.87500e-01	4.50000e-01	2.37916e+00
1.87500e-01	4.87500e-01	2.36142e+00
1.87500e-01	5.25000e-01	2.32844e+00
1.87500e-01	5.62500e-01	2.30656e+00
1.87500e-01	6.00000e-01	2.31305e+00
1.87500e-01	6.37500e-01	2.34497e+00
1.87500e-01	6.75000e-01	2.39217e+00
1.87500e-01	7.12500e-01	2.44758e+00
1.87500e-01	7.50000e-01	2.50464e+00
1.87500e-01	7.87500e-01	2.55571e+00
1.87500e-01	8.25000e-01	2.59402e+00
1.87500e-01	8.62500e-01	2.61609e+00
1.87500e-01	9.00000e-01	2.62277e+00
1.87500e-01	9.37500e-01	2.61788e+00
1.87500e-01	9.75000e-01	2.60603e+00
1.87500e-01	1.01250e+00	2.59118e+00
1.87500e-01	1.05000e+00	2.57654e+00
1.87500e-01	1.08750e+00	2.56509e+00
1.87500e-01	1.12500e+00	2.55758e+00
1.87500e-01	1.16250e+00	2.55149e+00
1.87500e-01	1.20000e+00	2.54154e+00
1.87500e-01	1.23750e+00	2.52051e+00
1.87500e-01	1.27500e+00	2.48012e+00
1.87500e-01	1.31250e+00	2.41285e+00
1.87500e-01	1.35000e+00	2.31489e+00
1.87500e-01	1.38750e+00	2.19092e+00
1.87500e-01	1.42500e+00	2.06228e+00
1.87500e-01	1.46250e+00	1.98088e+00
1.87500e-01	1.50000e+00	1.97717e+00

2.02500e-01	0.00000e+00	0.00000e+00
2.02500e-01	3.75000e-02	4.05457e-01
2.02500e-01	7.50000e-02	6.95141e-01
2.02500e-01	1.12500e-01	9.48130e-01
2.02500e-01	1.50000e-01	1.18010e+00
2.02500e-01	1.87500e-01	1.39193e+00
2.02500e-01	2.25000e-01	1.58338e+00
2.02500e-01	2.62500e-01	1.75338e+00
2.02500e-01	3.00000e-01	1.89992e+00
2.02500e-01	3.37500e-01	2.01728e+00
2.02500e-01	3.75000e-01	2.09937e+00
2.02500e-01	4.12500e-01	2.14265e+00
2.02500e-01	4.50000e-01	2.14758e+00
2.02500e-01	4.87500e-01	2.11999e+00
2.02500e-01	5.25000e-01	2.07491e+00
2.02500e-01	5.62500e-01	2.03481e+00
2.02500e-01	6.00000e-01	2.01860e+00
2.02500e-01	6.37500e-01	2.03062e+00
2.02500e-01	6.75000e-01	2.06570e+00
2.02500e-01	7.12500e-01	2.11636e+00
2.02500e-01	7.50000e-01	2.17343e+00
2.02500e-01	7.87500e-01	2.22703e+00
2.02500e-01	8.25000e-01	2.26913e+00
2.02500e-01	8.62500e-01	2.29562e+00
2.02500e-01	9.00000e-01	2.30672e+00
2.02500e-01	9.37500e-01	2.30575e+00
2.02500e-01	9.75000e-01	2.29740e+00
2.02500e-01	1.01250e+00	2.28605e+00
2.02500e-01	1.05000e+00	2.27496e+00
2.02500e-01	1.08750e+00	2.26626e+00
2.02500e-01	1.12500e+00	2.25988e+00
2.02500e-01	1.16250e+00	2.25283e+00
2.02500e-01	1.20000e+00	2.23964e+00
2.02500e-01	1.23750e+00	2.21315e+00
2.02500e-01	1.27500e+00	2.16546e+00
2.02500e-01	1.31250e+00	2.08948e+00
2.02500e-01	1.35000e+00	1.98176e+00
2.02500e-01	1.38750e+00	1.84817e+00
2.02500e-01	1.42500e+00	1.71391e+00
2.02500e-01	1.46250e+00	1.63561e+00
2.02500e-01	1.50000e+00	1.63255e+00

2.17500e-01	0.00000e+00	0.00000e+00
2.17500e-01	3.75000e-02	4.59916e-01
2.17500e-01	7.50000e-02	7.19729e-01
2.17500e-01	1.12500e-01	9.35667e-01
2.17500e-01	1.50000e-01	1.12979e+00
2.17500e-01	1.87500e-01	1.30536e+00
2.17500e-01	2.25000e-01	1.46343e+00
2.17500e-01	2.62500e-01	1.60325e+00
2.17500e-01	3.00000e-01	1.72258e+00
2.17500e-01	3.37500e-01	1.81626e+00
2.17500e-01	3.75000e-01	1.87892e+00
2.17500e-01	4.12500e-01	1.90757e+00
2.17500e-01	4.50000e-01	1.90229e+00
2.17500e-01	4.87500e-01	1.86722e+00
2.17500e-01	5.25000e-01	1.81430e+00
2.17500e-01	5.62500e-01	1.76307e+00
2.17500e-01	6.00000e-01	1.73233e+00
2.17500e-01	6.37500e-01	1.73019e+00
2.17500e-01	6.75000e-01	1.75496e+00
2.17500e-01	7.12500e-01	1.79967e+00
2.17500e-01	7.50000e-01	1.85403e+00
2.17500e-01	7.87500e-01	1.90704e+00
2.17500e-01	8.25000e-01	1.95004e+00
2.17500e-01	8.62500e-01	1.97845e+00
2.17500e-01	9.00000e-01	1.99190e+00
2.17500e-01	9.37500e-01	1.99326e+00
2.17500e-01	9.75000e-01	1.98719e+00
2.17500e-01	1.01250e+00	1.97826e+00
2.17500e-01	1.05000e+00	1.96969e+00
2.17500e-01	1.08750e+00	1.96309e+00
2.17500e-01	1.12500e+00	1.95778e+00
2.17500e-01	1.16250e+00	1.95054e+00
2.17500e-01	1.20000e+00	1.93592e+00
2.17500e-01	1.23750e+00	1.90697e+00
2.17500e-01	1.27500e+00	1.85602e+00
2.17500e-01	1.31250e+00	1.77601e+00
2.17500e-01	1.35000e+00	1.66328e+00
2.17500e-01	1.38750e+00	1.52406e+00
2.17500e-01	1.42500e+00	1.38625e+00
2.17500e-01	1.46250e+00	1.31143e+00
2.17500e-01	1.50000e+00	1.30898e+00

2.32500e-01	0.00000e+00	0.00000e+00
2.32500e-01	3.75000e-02	4.73122e-01
2.32500e-01	7.50000e-02	7.05307e-01
2.32500e-01	1.12500e-01	8.87457e-01
2.32500e-01	1.50000e-01	1.04555e+00
2.32500e-01	1.87500e-01	1.18654e+00
2.32500e-01	2.25000e-01	1.31303e+00
2.32500e-01	2.62500e-01	1.42465e+00
2.32500e-01	3.00000e-01	1.51903e+00
2.32500e-01	3.37500e-01	1.59157e+00
2.32500e-01	3.75000e-01	1.63750e+00
2.32500e-01	4.12500e-01	1.65405e+00
2.32500e-01	4.50000e-01	1.64101e+00
2.32500e-01	4.87500e-01	1.60142e+00
2.32500e-01	5.25000e-01	1.54501e+00
2.32500e-01	5.62500e-01	1.48859e+00
2.32500e-01	6.00000e-01	1.44978e+00
2.32500e-01	6.37500e-01	1.43828e+00
2.32500e-01	6.75000e-01	1.45458e+00
2.32500e-01	7.12500e-01	1.49266e+00
2.32500e-01	7.50000e-01	1.54221e+00
2.32500e-01	7.87500e-01	1.59207e+00
2.32500e-01	8.25000e-01	1.63345e+00
2.32500e-01	8.62500e-01	1.66155e+00
2.32500e-01	9.00000e-01	1.67558e+00
2.32500e-01	9.37500e-01	1.67799e+00
2.32500e-01	9.75000e-01	1.67325e+00
2.32500e-01	1.01250e+00	1.66590e+00
2.32500e-01	1.05000e+00	1.65909e+00
2.32500e-01	1.08750e+00	1.65405e+00
2.32500e-01	1.12500e+00	1.64981e+00
2.32500e-01	1.16250e+00	1.64313e+00
2.32500e-01	1.20000e+00	1.62879e+00
2.32500e-01	1.23750e+00	1.60018e+00
2.32500e-01	1.27500e+00	1.54987e+00
2.32500e-01	1.31250e+00	1.47065e+00
2.32500e-01	1.35000e+00	1.35821e+00
2.32500e-01	1.38750e+00	1.21812e+00
2.32500e-01	1.42500e+00	1.07955e+00
2.32500e-01	1.46250e+00	1.00862e+00
2.32500e-01	1.50000e+00	1.00673e+00

2.47500e-01	0.00000e+00	0.00000e+00
2.47500e-01	3.75000e-02	4.31146e-01
2.47500e-01	7.50000e-02	6.45239e-01
2.47500e-01	1.12500e-01	7.98686e-01
2.47500e-01	1.50000e-01	9.23529e-01
2.47500e-01	1.87500e-01	1.03233e+00
2.47500e-01	2.25000e-01	1.12956e+00
2.47500e-01	2.62500e-01	1.21520e+00
2.47500e-01	3.00000e-01	1.28697e+00
2.47500e-01	3.37500e-01	1.34081e+00
2.47500e-01	3.75000e-01	1.37254e+00
2.47500e-01	4.12500e-01	1.37964e+00
2.47500e-01	4.50000e-01	1.36166e+00
2.47500e-01	4.87500e-01	1.32090e+00
2.47500e-01	5.25000e-01	1.26520e+00
2.47500e-01	5.62500e-01	1.20870e+00
2.47500e-01	6.00000e-01	1.16708e+00
2.47500e-01	6.37500e-01	1.15017e+00
2.47500e-01	6.75000e-01	1.15969e+00
2.47500e-01	7.12500e-01	1.19071e+00
2.47500e-01	7.50000e-01	1.23370e+00
2.47500e-01	7.87500e-01	1.27813e+00
2.47500e-01	8.25000e-01	1.31562e+00
2.47500e-01	8.62500e-01	1.34145e+00
2.47500e-01	9.00000e-01	1.35460e+00
2.47500e-01	9.37500e-01	1.35713e+00
2.47500e-01	9.75000e-01	1.35313e+00
2.47500e-01	1.01250e+00	1.34688e+00
2.47500e-01	1.05000e+00	1.34136e+00
2.47500e-01	1.08750e+00	1.33759e+00
2.47500e-01	1.12500e+00	1.33452e+00
2.47500e-01	1.16250e+00	1.32912e+00
2.47500e-01	1.20000e+00	1.31662e+00
2.47500e-01	1.23750e+00	1.29096e+00
2.47500e-01	1.27500e+00	1.24510e+00
2.47500e-01	1.31250e+00	1.17176e+00
2.47500e-01	1.35000e+00	1.06572e+00
2.47500e-01	1.38750e+00	9.30882e-01
2.47500e-01	1.42500e+00	7.95619e-01
2.47500e-01	1.46250e+00	7.31016e-01
2.47500e-01	1.50000e+00	7.29648e-01

2.62500e-01	0.00000e+00	0.00000e+00
2.62500e-01	3.75000e-02	3.45428e-01
2.62500e-01	7.50000e-02	5.41342e-01
2.62500e-01	1.12500e-01	6.67182e-01
2.62500e-01	1.50000e-01	7.60835e-01
2.62500e-01	1.87500e-01	8.39794e-01
2.62500e-01	2.25000e-01	9.09979e-01
2.62500e-01	2.62500e-01	9.71727e-01
2.62500e-01	3.00000e-01	1.02300e+00
2.62500e-01	3.37500e-01	1.06041e+00
2.62500e-01	3.75000e-01	1.08050e+00
2.62500e-01	4.12500e-01	1.08106e+00
2.62500e-01	4.50000e-01	1.06149e+00
2.62500e-01	4.87500e-01	1.02340e+00
2.62500e-01	5.25000e-01	9.72725e-01
2.62500e-01	5.62500e-01	9.20799e-01
2.62500e-01	6.00000e-01	8.80797e-01
2.62500e-01	6.37500e-01	8.61704e-01
2.62500e-01	6.75000e-01	8.65778e-01
2.62500e-01	7.12500e-01	8.89242e-01
2.62500e-01	7.50000e-01	9.23985e-01
2.62500e-01	7.87500e-01	9.60793e-01
2.62500e-01	8.25000e-01	9.92264e-01
2.62500e-01	8.62500e-01	1.01413e+00
2.62500e-01	9.00000e-01	1.02533e+00
2.62500e-01	9.37500e-01	1.02750e+00
2.62500e-01	9.75000e-01	1.02416e+00
2.62500e-01	1.01250e+00	1.01911e+00
2.62500e-01	1.05000e+00	1.01494e+00
2.62500e-01	1.08750e+00	1.01254e+00
2.62500e-01	1.12500e+00	1.01097e+00
2.62500e-01	1.16250e+00	1.00761e+00
2.62500e-01	1.20000e+00	9.98420e-01
2.62500e-01	1.23750e+00	9.78148e-01
2.62500e-01	1.27500e+00	9.40507e-01
2.62500e-01	1.31250e+00	8.78506e-01
2.62500e-01	1.35000e+00	7.86171e-01
2.62500e-01	1.38750e+00	6.64797e-01
2.62500e-01	1.42500e+00	5.39209e-01
2.62500e-01	1.46250e+00	4.85098e-01
2.62500e-01	1.50000e+00	4.84191e-01

2.77500e-01	0.00000e+00	0.00000e+00
2.77500e-01	3.75000e-02	2.17674e-01
2.77500e-01	7.50000e-02	3.94841e-01
2.77500e-01	1.12500e-01	4.91084e-01
2.77500e-01	1.50000e-01	5.54067e-01
2.77500e-01	1.87500e-01	6.04791e-01
2.77500e-01	2.25000e-01	6.49564e-01
2.77500e-01	2.62500e-01	6.88894e-01
2.77500e-01	3.00000e-01	7.21276e-01
2.77500e-01	3.37500e-01	7.44290e-01
2.77500e-01	3.75000e-01	7.55455e-01
2.77500e-01	4.12500e-01	7.53046e-01
2.77500e-01	4.50000e-01	7.36298e-01
2.77500e-01	4.87500e-01	7.05773e-01
2.77500e-01	5.25000e-01	6.65187e-01
2.77500e-01	5.62500e-01	6.22594e-01
2.77500e-01	6.00000e-01	5.88119e-01
2.77500e-01	6.37500e-01	5.69278e-01
2.77500e-01	6.75000e-01	5.68553e-01
2.77500e-01	7.12500e-01	5.83530e-01
2.77500e-01	7.50000e-01	6.08092e-01
2.77500e-01	7.87500e-01	6.35038e-01
2.77500e-01	8.25000e-01	6.58506e-01
2.77500e-01	8.62500e-01	6.75071e-01
2.77500e-01	9.00000e-01	6.83794e-01
2.77500e-01	9.37500e-01	6.85900e-01
2.77500e-01	9.75000e-01	6.84083e-01
2.77500e-01	1.01250e+00	6.81271e-01
2.77500e-01	1.05000e+00	6.79472e-01
2.77500e-01	1.08750e+00	6.79328e-01
2.77500e-01	1.12500e+00	6.80107e-01
2.77500e-01	1.16250e+00	6.79824e-01
2.77500e-01	1.20000e+00	6.75409e-01
2.77500e-01	1.23750e+00	6.62836e-01
2.77500e-01	1.27500e+00	6.37128e-01
2.77500e-01	1.31250e+00	5.92353e-01
2.77500e-01	1.35000e+00	5.22521e-01
2.77500e-01	1.38750e+00	4.26012e-01
2.77500e-01	1.42500e+00	3.20413e-01
2.77500e-01	1.46250e+00	2.82106e-01
2.77500e-01	1.50000e+00	2.81579e-01

2.92500e-01	0.00000e+00	0.00000e+00
2.92500e-01	3.75000e-02	8.62062e-02
2.92500e-01	7.50000e-02	2.11379e-01
2.92500e-01	1.12500e-01	2.66700e-01
2.92500e-01	1.50000e-01	2.97054e-01
2.92500e-01	1.87500e-01	3.19870e-01
2.92500e-01	2.25000e-01	3.39661e-01
2.92500e-01	2.62500e-01	3.56937e-01
2.92500e-01	3.00000e-01	3.71184e-01
2.92500e-01	3.37500e-01	3.81526e-01
2.92500e-01	3.75000e-01	3.87007e-01
2.92500e-01	4.12500e-01	3.86689e-01
2.92500e-01	4.50000e-01	3.79357e-01
2.92500e-01	4.87500e-01	3.63744e-01
2.92500e-01	5.25000e-01	3.40258e-01
2.92500e-01	5.62500e-01	3.12687e-01
2.92500e-01	6.00000e-01	2.87382e-01
2.92500e-01	6.37500e-01	2.70159e-01
2.92500e-01	6.75000e-01	2.64029e-01
2.92500e-01	7.12500e-01	2.68542e-01
2.92500e-01	7.50000e-01	2.80347e-01
2.92500e-01	7.87500e-01	2.95013e-01
2.92500e-01	8.25000e-01	3.08778e-01
2.92500e-01	8.62500e-01	3.19396e-01
2.92500e-01	9.00000e-01	3.26223e-01
2.92500e-01	9.37500e-01	3.29974e-01
2.92500e-01	9.75000e-01	3.32205e-01
2.92500e-01	1.01250e+00	3.34498e-01
2.92500e-01	1.05000e+00	3.37814e-01
2.92500e-01	1.08750e+00	3.42326e-01
2.92500e-01	1.12500e+00	3.47467e-01
2.92500e-01	1.16250e+00	3.51991e-01
2.92500e-01	1.20000e+00	3.54075e-01
2.92500e-01	1.23750e+00	3.51404e-01
2.92500e-01	1.27500e+00	3.41117e-01
2.92500e-01	1.31250e+00	3.19618e-01
2.92500e-01	1.35000e+00	2.82617e-01
2.92500e-01	1.38750e+00	2.26779e-01
2.92500e-01	1.42500e+00	1.58486e-01
2.92500e-01	1.46250e+00	1.39325e-01
2.92500e-01	1.50000e+00	1.39064e-01

3.00000e-01	0.00000e+00	0.00000e+00
3.00000e-01	3.75000e-02	0.00000e+00
3.00000e-01	7.50000e-02	0.00000e+00
3.00000e-01	1.12500e-01	0.00000e+00
3.00000e-01	1.50000e-01	0.00000e+00
3.00000e-01	1.87500e-01	0.00000e+00
3.00000e-01	2.25000e-01	0.00000e+00
3.00000e-01	2.62500e-01	0.00000e+00
3.00000e-01	3.00000e-01	0.00000e+00
3.00000e-01	3.37500e-01	0.00000e+00
3.00000e-01	3.75000e-01	0.00000e+00
3.00000e-01	4.12500e-01	0.00000e+00
3.00000e-01	4.50000e-01	0.00000e+00
3.00000e-01	4.87500e-01	0.00000e+00
3.00000e-01	5.25000e-01	0.00000e+00
3.00000e-01	5.62500e-01	0.00000e+00
3.00000e-01	6.00000e-01	0.00000e+00
3.00000e-01	6.37500e-01	0.00000e+00
3.00000e-01	6.75000e-01	0.00000e+00
3.00000e-01	7.12500e-01	0.00000e+00
3.00000e-01	7.50000e-01	0.00000e+00
3.00000e-01	7.87500e-01	0.00000e+00
3.00000e-01	8.25000e-01	0.00000e+00
3.00000e-01	8.62500e-01	0.00000e+00
3.00000e-01	9.00000e-01	0.00000e+00
3.00000e-01	9.37500e-01	0.00000e+00
3.00000e-01	9.75000e-01	0.00000e+00
3.00000e-01	1.01250e+00	0.00000e+00
3.00000e-01	1.05000e+00	0.00000e+00
3.00000e-01	1.08750e+00	0.00000e+00
3.00000e-01	1.12500e+00	0.00000e+00
3.00000e-01	1.16250e+00	0.00000e+00
3.00000e-01	1.20000e+00	0.00000e+00
3.00000e-01	1.23750e+00	0.00000e+00
3.00000e-01	1.27500e+00	0.00000e+00
3.00000e-01	1.31250e+00	0.00000e+00
3.00000e-01	1.35000e+00	0.00000e+00
3.00000e-01	1.38750e+00	0.00000e+00
3.00000e-01	1.42500e+00	0.00000e+00
3.00000e-01	1.46250e+00	0.00000e+00
3.00000e-01	1.50000e+00	0.00000e+00

