1.25000e-02	3.75000e-03	4.00000e+02
1.25000e-02	1.12500e-02	-3.36276e+32
1.25000e-02	1.87500e-02	-6.67531e+32
1.25000e-02	2.62500e-02	-1.03419e+33
1.25000e-02	3.37500e-02	-1.44547e+33
1.25000e-02	4.12500e-02	-1.90221e+33
1.25000e-02	4.87500e-02	-2.42018e+33
1.25000e-02	5.62500e-02	-3.02382e+33
1.25000e-02	6.37500e-02	-3.74024e+33
1.25000e-02	7.12500e-02	-4.59670e+33
1.25000e-02	7.87500e-02	-5.61070e+33
1.25000e-02	8.62500e-02	-6.76796e+33
1.25000e-02	9.37500e-02	-8.01453e+33
1.25000e-02	1.01250e-01	-7.89162e+33
1.25000e-02	1.08750e-01	-7.70246e+33
1.25000e-02	1.16250e-01	-7.53329e+33
1.25000e-02	1.23750e-01	-7.36101e+33
1.25000e-02	1.31250e-01	-7.02855e+33
1.25000e-02	1.38750e-01	-6.81243e+33
1.25000e-02	1.46250e-01	-6.63316e+33
1.25000e-02	1.53750e-01	-6.34932e+33
1.25000e-02	1.61250e-01	-5.97485e+33
1.25000e-02	1.68750e-01	-5.70333e+33
1.25000e-02	1.76250e-01	-5.37534e+33
1.25000e-02	1.83750e-01	-5.05519e+33
1.25000e-02	1.91250e-01	-4.74498e+33
1.25000e-02	1.98750e-01	-4.37144e+33
1.25000e-02	2.06250e-01	-4.09571e+33
1.25000e-02	2.13750e-01	-3.74561e+33
1.25000e-02	2.21250e-01	-3.39174e+33
1.25000e-02	2.28750e-01	-3.05910e+33
1.25000e-02	2.36250e-01	-2.75510e+33
1.25000e-02	2.43750e-01	-2.47559e+33
1.25000e-02	2.51250e-01	-2.22139e+33
1.25000e-02	2.58750e-01	-1.99446e+33
1.25000e-02	2.66250e-01	-1.79440e+33
1.25000e-02	2.73750e-01	-1.60742e+33
1.25000e-02	2.81250e-01	-1.40019e+33
1.25000e-02	2.88750e-01	-1.08708e+33
1.25000e-02	2.96250e-01	-8.22665e+32

3.75000e-02	3.75000e-03	-3.73640e+33
3.75000e-02	1.12500e-02	1.24271e+32
3.75000e-02	1.87500e-02	-3.34342e+31
3.75000e-02	2.62500e-02	1.11120e+31
3.75000e-02	3.37500e-02	1.36143e+32
3.75000e-02	4.12500e-02	2.10184e+32
3.75000e-02	4.87500e-02	2.82109e+32
3.75000e-02	5.62500e-02	4.09303e+32
3.75000e-02	6.37500e-02	6.34310e+32
3.75000e-02	7.12500e-02	1.04462e+33
3.75000e-02	7.87500e-02	1.79315e+33
3.75000e-02	8.62500e-02	2.92999e+33
3.75000e-02	9.37500e-02	1.13329e+34
3.75000e-02	1.01250e-01	4.11300e+33
3.75000e-02	1.08750e-01	3.82559e+33
3.75000e-02	1.16250e-01	3.61434e+33
3.75000e-02	1.23750e-01	3.44453e+33
3.75000e-02	1.31250e-01	3.15149e+33
3.75000e-02	1.38750e-01	3.00188e+33
3.75000e-02	1.46250e-01	2.91174e+33
3.75000e-02	1.53750e-01	2.73805e+33
3.75000e-02	1.61250e-01	2.49194e+33
3.75000e-02	1.68750e-01	2.36178e+33
3.75000e-02	1.76250e-01	2.18645e+33
3.75000e-02	1.83750e-01	2.02796e+33
3.75000e-02	1.91250e-01	1.88714e+33
3.75000e-02	1.98750e-01	1.69013e+33
3.75000e-02	2.06250e-01	1.59527e+33
3.75000e-02	2.13750e-01	1.43143e+33
3.75000e-02	2.21250e-01	1.26745e+33
3.75000e-02	2.28750e-01	1.12645e+33
3.75000e-02	2.36250e-01	1.01465e+33
3.75000e-02	2.43750e-01	9.27477e+32
3.75000e-02	2.51250e-01	8.65817e+32
3.75000e-02	2.58750e-01	8.32009e+32
3.75000e-02	2.66250e-01	8.26427e+32
3.75000e-02	2.73750e-01	8.36372e+32
3.75000e-02	2.81250e-01	8.29308e+32
3.75000e-02	2.88750e-01	7.19112e+32
3.75000e-02	2.96250e-01	6.56824e+32

6.25000e-02	3.75000e-03	-5.32530e+33
6.25000e-02	1.12500e-02	-2.39579e+32
6.25000e-02	1.87500e-02	4.72881e+31
6.25000e-02	2.62500e-02	8.03743e+31
6.25000e-02	3.37500e-02	1.22171e+32
6.25000e-02	4.12500e-02	1.81456e+32
6.25000e-02	4.87500e-02	2.51231e+32
6.25000e-02	5.62500e-02	3.29235e+32
6.25000e-02	6.37500e-02	4.31784e+32
6.25000e-02	7.12500e-02	5.69895e+32
6.25000e-02	7.87500e-02	7.25967e+32
6.25000e-02	8.62500e-02	8.96231e+32
6.25000e-02	9.37500e-02	1.03230e+33
6.25000e-02	1.01250e-01	1.05475e+33
6.25000e-02	1.08750e-01	1.03767e+33
6.25000e-02	1.16250e-01	9.99565e+32
6.25000e-02	1.23750e-01	9.55112e+32
6.25000e-02	1.31250e-01	9.25087e+32
6.25000e-02	1.38750e-01	8.71736e+32
6.25000e-02	1.46250e-01	8.13383e+32
6.25000e-02	1.53750e-01	7.74528e+32
6.25000e-02	1.61250e-01	7.38252e+32
6.25000e-02	1.68750e-01	6.81437e+32
6.25000e-02	1.76250e-01	6.39012e+32
6.25000e-02	1.83750e-01	5.99787e+32
6.25000e-02	1.91250e-01	5.59803e+32
6.25000e-02	1.98750e-01	5.22645e+32
6.25000e-02	2.06250e-01	4.79470e+32
6.25000e-02	2.13750e-01	4.39510e+32
6.25000e-02	2.21250e-01	3.98812e+32
6.25000e-02	2.28750e-01	3.56821e+32
6.25000e-02	2.36250e-01	3.12643e+32
6.25000e-02	2.43750e-01	2.64270e+32
6.25000e-02	2.51250e-01	2.09382e+32
6.25000e-02	2.58750e-01	1.45928e+32
6.25000e-02	2.66250e-01	7.09831e+31
6.25000e-02	2.73750e-01	-1.88536e+31
6.25000e-02	2.81250e-01	-1.20802e+32
6.25000e-02	2.88750e-01	-2.12377e+32
6.25000e-02	2.96250e-01	-6.85615e+32

8.75000e-02	3.75000e-03	-6.16764e+33
8.75000e-02	1.12500e-02	6.57899e+31
8.75000e-02	1.87500e-02	5.87521e+31
8.75000e-02	2.62500e-02	8.79380e+31
8.75000e-02	3.37500e-02	1.21255e+32
8.75000e-02	4.12500e-02	1.58305e+32
8.75000e-02	4.87500e-02	1.98734e+32
8.75000e-02	5.62500e-02	2.43556e+32
8.75000e-02	6.37500e-02	2.93268e+32
8.75000e-02	7.12500e-02	3.47052e+32
8.75000e-02	7.87500e-02	4.02076e+32
8.75000e-02	8.62500e-02	4.54630e+32
8.75000e-02	9.37500e-02	4.96996e+32
8.75000e-02	1.01250e-01	5.22534e+32
8.75000e-02	1.08750e-01	5.34745e+32
8.75000e-02	1.16250e-01	5.36383e+32
8.75000e-02	1.23750e-01	5.30366e+32
8.75000e-02	1.31250e-01	5.19269e+32
8.75000e-02	1.38750e-01	5.02596e+32
8.75000e-02	1.46250e-01	4.82649e+32
8.75000e-02	1.53750e-01	4.62505e+32
8.75000e-02	1.61250e-01	4.42366e+32
8.75000e-02	1.68750e-01	4.20142e+32
8.75000e-02	1.76250e-01	3.97489e+32
8.75000e-02	1.83750e-01	3.74471e+32
8.75000e-02	1.91250e-01	3.49532e+32
8.75000e-02	1.98750e-01	3.23478e+32
8.75000e-02	2.06250e-01	2.97090e+32
8.75000e-02	2.13750e-01	2.70601e+32
8.75000e-02	2.21250e-01	2.44884e+32
8.75000e-02	2.28750e-01	2.18897e+32
8.75000e-02	2.36250e-01	1.91513e+32
8.75000e-02	2.43750e-01	1.63705e+32
8.75000e-02	2.51250e-01	1.34935e+32
8.75000e-02	2.58750e-01	1.04696e+32
8.75000e-02	2.66250e-01	7.31549e+31
8.75000e-02	2.73750e-01	4.26523e+31
8.75000e-02	2.81250e-01	1.69900e+31
8.75000e-02	2.88750e-01	1.23995e+29
8.75000e-02	2.96250e-01	2.02130e+32

1.12500e-01	3.75000e-03	-5.70553e+33
1.12500e-01	1.12500e-02	2.20670e+30
1.12500e-01	1.87500e-02	4.70128e+31
1.12500e-01	2.62500e-02	6.80641e+31
1.12500e-01	3.37500e-02	8.98091e+31
1.12500e-01	4.12500e-02	1.12840e+32
1.12500e-01	4.87500e-02	1.36881e+32
1.12500e-01	5.62500e-02	1.62100e+32
1.12500e-01	6.37500e-02	1.87882e+32
1.12500e-01	7.12500e-02	2.13358e+32
1.12500e-01	7.87500e-02	2.38053e+32
1.12500e-01	8.62500e-02	2.60608e+32
1.12500e-01	9.37500e-02	2.79623e+32
1.12500e-01	1.01250e-01	2.94076e+32
1.12500e-01	1.08750e-01	3.03743e+32
1.12500e-01	1.16250e-01	3.08984e+32
1.12500e-01	1.23750e-01	3.10230e+32
1.12500e-01	1.31250e-01	3.07987e+32
1.12500e-01	1.38750e-01	3.02697e+32
1.12500e-01	1.46250e-01	2.95266e+32
1.12500e-01	1.53750e-01	2.86664e+32
1.12500e-01	1.61250e-01	2.76918e+32
1.12500e-01	1.68750e-01	2.65904e+32
1.12500e-01	1.76250e-01	2.53219e+32
1.12500e-01	1.83750e-01	2.39511e+32
1.12500e-01	1.91250e-01	2.25188e+32
1.12500e-01	1.98750e-01	2.10493e+32
1.12500e-01	2.06250e-01	1.95203e+32
1.12500e-01	2.13750e-01	1.79840e+32
1.12500e-01	2.21250e-01	1.64165e+32
1.12500e-01	2.28750e-01	1.47395e+32
1.12500e-01	2.36250e-01	1.29770e+32
1.12500e-01	2.43750e-01	1.12630e+32
1.12500e-01	2.51250e-01	9.63624e+31
1.12500e-01	2.58750e-01	8.02477e+31
1.12500e-01	2.66250e-01	6.36272e+31
1.12500e-01	2.73750e-01	4.76662e+31
1.12500e-01	2.81250e-01	3.34113e+31
1.12500e-01	2.88750e-01	2.07702e+31
1.12500e-01	2.96250e-01	-2.56144e+32

1.37500e-01	3.75000e-03	-4.77119e+33
1.37500e-01	1.12500e-02	-1.55951e+32
1.37500e-01	1.87500e-02	3.42781e+31
1.37500e-01	2.62500e-02	4.81582e+31
1.37500e-01	3.37500e-02	6.22690e+31
1.37500e-01	4.12500e-02	7.66454e+31
1.37500e-01	4.87500e-02	9.10931e+31
1.37500e-01	5.62500e-02	1.05568e+32
1.37500e-01	6.37500e-02	1.19843e+32
1.37500e-01	7.12500e-02	1.33542e+32
1.37500e-01	7.87500e-02	1.46468e+32
1.37500e-01	8.62500e-02	1.58212e+32
1.37500e-01	9.37500e-02	1.68321e+32
1.37500e-01	1.01250e-01	1.76511e+32
1.37500e-01	1.08750e-01	1.82577e+32
1.37500e-01	1.16250e-01	1.86706e+32
1.37500e-01	1.23750e-01	1.88911e+32
1.37500e-01	1.31250e-01	1.89220e+32
1.37500e-01	1.38750e-01	1.87949e+32
1.37500e-01	1.46250e-01	1.85487e+32
1.37500e-01	1.53750e-01	1.81725e+32
1.37500e-01	1.61250e-01	1.76637e+32
1.37500e-01	1.68750e-01	1.70517e+32
1.37500e-01	1.76250e-01	1.63678e+32
1.37500e-01	1.83750e-01	1.56390e+32
1.37500e-01	1.91250e-01	1.48503e+32
1.37500e-01	1.98750e-01	1.39827e+32
1.37500e-01	2.06250e-01	1.30516e+32
1.37500e-01	2.13750e-01	1.20863e+32
1.37500e-01	2.21250e-01	1.10949e+32
1.37500e-01	2.28750e-01	1.00951e+32
1.37500e-01	2.36250e-01	9.08242e+31
1.37500e-01	2.43750e-01	8.06042e+31
1.37500e-01	2.51250e-01	7.02210e+31
1.37500e-01	2.58750e-01	5.96232e+31
1.37500e-01	2.66250e-01	4.88911e+31
1.37500e-01	2.73750e-01	3.86237e+31
1.37500e-01	2.81250e-01	2.92305e+31
1.37500e-01	2.88750e-01	2.03946e+31
1.37500e-01	2.96250e-01	-3.46625e+32

1.62500e-01	3.75000e-03	-4.21118e+33
1.62500e-01	1.12500e-02	4.02787e+31
1.62500e-01	1.87500e-02	2.40705e+31
1.62500e-01	2.62500e-02	3.30299e+31
1.62500e-01	3.37500e-02	4.19866e+31
1.62500e-01	4.12500e-02	5.09984e+31
1.62500e-01	4.87500e-02	5.99665e+31
1.62500e-01	5.62500e-02	6.86220e+31
1.62500e-01	6.37500e-02	7.70125e+31
1.62500e-01	7.12500e-02	8.51167e+31
1.62500e-01	7.87500e-02	9.25718e+31
1.62500e-01	8.62500e-02	9.91937e+31
1.62500e-01	9.37500e-02	1.04952e+32
1.62500e-01	1.01250e-01	1.09870e+32
1.62500e-01	1.08750e-01	1.13876e+32
1.62500e-01	1.16250e-01	1.16812e+32
1.62500e-01	1.23750e-01	1.18642e+32
1.62500e-01	1.31250e-01	1.19504e+32
1.62500e-01	1.38750e-01	1.19558e+32
1.62500e-01	1.46250e-01	1.18708e+32
1.62500e-01	1.53750e-01	1.16860e+32
1.62500e-01	1.61250e-01	1.14314e+32
1.62500e-01	1.68750e-01	1.11172e+32
1.62500e-01	1.76250e-01	1.07482e+32
1.62500e-01	1.83750e-01	1.03390e+32
1.62500e-01	1.91250e-01	9.88533e+31
1.62500e-01	1.98750e-01	9.36450e+31
1.62500e-01	2.06250e-01	8.80097e+31
1.62500e-01	2.13750e-01	8.21612e+31
1.62500e-01	2.21250e-01	7.62080e+31
1.62500e-01	2.28750e-01	7.01160e+31
1.62500e-01	2.36250e-01	6.38918e+31
1.62500e-01	2.43750e-01	5.73952e+31
1.62500e-01	2.51250e-01	5.06488e+31
1.62500e-01	2.58750e-01	4.38680e+31
1.62500e-01	2.66250e-01	3.71741e+31
1.62500e-01	2.73750e-01	3.04830e+31
1.62500e-01	2.81250e-01	2.39252e+31
1.62500e-01	2.88750e-01	1.75178e+31
1.62500e-01	2.96250e-01	-4.20561e+31

1.87500e-01	3.75000e-03	-3.62000e+33
1.87500e-01	1.12500e-02	1.69599e+32
1.87500e-01	1.87500e-02	1.60676e+31
1.87500e-01	2.62500e-02	2.20604e+31
1.87500e-01	3.37500e-02	2.78584e+31
1.87500e-01	4.12500e-02	3.35782e+31
1.87500e-01	4.87500e-02	3.92371e+31
1.87500e-01	5.62500e-02	4.47144e+31
1.87500e-01	6.37500e-02	4.98446e+31
1.87500e-01	7.12500e-02	5.46993e+31
1.87500e-01	7.87500e-02	5.91598e+31
1.87500e-01	8.62500e-02	6.32034e+31
1.87500e-01	9.37500e-02	6.68747e+31
1.87500e-01	1.01250e-01	7.00474e+31
1.87500e-01	1.08750e-01	7.27203e+31
1.87500e-01	1.16250e-01	7.47254e+31
1.87500e-01	1.23750e-01	7.61104e+31
1.87500e-01	1.31250e-01	7.69900e+31
1.87500e-01	1.38750e-01	7.72841e+31
1.87500e-01	1.46250e-01	7.70068e+31
1.87500e-01	1.53750e-01	7.62640e+31
1.87500e-01	1.61250e-01	7.50469e+31
1.87500e-01	1.68750e-01	7.34543e+31
1.87500e-01	1.76250e-01	7.14190e+31
1.87500e-01	1.83750e-01	6.90194e+31
1.87500e-01	1.91250e-01	6.63574e+31
1.87500e-01	1.98750e-01	6.34056e+31
1.87500e-01	2.06250e-01	6.01065e+31
1.87500e-01	2.13750e-01	5.65332e+31
1.87500e-01	2.21250e-01	5.27905e+31
1.87500e-01	2.28750e-01	4.88608e+31
1.87500e-01	2.36250e-01	4.48035e+31
1.87500e-01	2.43750e-01	4.05720e+31
1.87500e-01	2.51250e-01	3.62110e+31
1.87500e-01	2.58750e-01	3.17696e+31
1.87500e-01	2.66250e-01	2.72970e+31
1.87500e-01	2.73750e-01	2.27390e+31
1.87500e-01	2.81250e-01	1.81259e+31
1.87500e-01	2.88750e-01	1.34630e+31
1.87500e-01	2.96250e-01	1.81247e+31

2.12500e-01	3.75000e-03	-2.72071e+33
2.12500e-01	1.12500e-02	-1.50303e+31
2.12500e-01	1.87500e-02	1.08879e+31
2.12500e-01	2.62500e-02	1.47307e+31
2.12500e-01	3.37500e-02	1.85437e+31
2.12500e-01	4.12500e-02	2.22354e+31
2.12500e-01	4.87500e-02	2.57690e+31
2.12500e-01	5.62500e-02	2.91979e+31
2.12500e-01	6.37500e-02	3.24805e+31
2.12500e-01	7.12500e-02	3.55575e+31
2.12500e-01	7.87500e-02	3.84208e+31
2.12500e-01	8.62500e-02	4.10796e+31
2.12500e-01	9.37500e-02	4.34171e+31
2.12500e-01	1.01250e-01	4.53563e+31
2.12500e-01	1.08750e-01	4.69841e+31
2.12500e-01	1.16250e-01	4.83300e+31
2.12500e-01	1.23750e-01	4.94257e+31
2.12500e-01	1.31250e-01	5.02000e+31
2.12500e-01	1.38750e-01	5.05997e+31
2.12500e-01	1.46250e-01	5.06349e+31
2.12500e-01	1.53750e-01	5.03941e+31
2.12500e-01	1.61250e-01	4.98174e+31
2.12500e-01	1.68750e-01	4.90247e+31
2.12500e-01	1.76250e-01	4.79233e+31
2.12500e-01	1.83750e-01	4.65388e+31
2.12500e-01	1.91250e-01	4.49254e+31
2.12500e-01	1.98750e-01	4.31194e+31
2.12500e-01	2.06250e-01	4.10942e+31
2.12500e-01	2.13750e-01	3.88819e+31
2.12500e-01	2.21250e-01	3.65087e+31
2.12500e-01	2.28750e-01	3.39915e+31
2.12500e-01	2.36250e-01	3.13457e+31
2.12500e-01	2.43750e-01	2.85814e+31
2.12500e-01	2.51250e-01	2.57115e+31
2.12500e-01	2.58750e-01	2.27489e+31
2.12500e-01	2.66250e-01	1.97030e+31
2.12500e-01	2.73750e-01	1.65757e+31
2.12500e-01	2.81250e-01	1.33682e+31
2.12500e-01	2.88750e-01	1.00773e+31
2.12500e-01	2.96250e-01	2.34796e+31

2.37500e-01	3.75000e-03	-2.06343e+33
2.37500e-01	1.12500e-02	-8.60184e+31
2.37500e-01	1.87500e-02	7.82609e+30
2.37500e-01	2.62500e-02	1.01755e+31
2.37500e-01	3.37500e-02	1.25306e+31
2.37500e-01	4.12500e-02	1.48634e+31
2.37500e-01	4.87500e-02	1.71578e+31
2.37500e-01	5.62500e-02	1.93456e+31
2.37500e-01	6.37500e-02	2.14699e+31
2.37500e-01	7.12500e-02	2.34255e+31
2.37500e-01	7.87500e-02	2.52000e+31
2.37500e-01	8.62500e-02	2.68517e+31
2.37500e-01	9.37500e-02	2.83622e+31
2.37500e-01	1.01250e-01	2.97466e+31
2.37500e-01	1.08750e-01	3.09240e+31
2.37500e-01	1.16250e-01	3.18293e+31
2.37500e-01	1.23750e-01	3.25441e+31
2.37500e-01	1.31250e-01	3.30503e+31
2.37500e-01	1.38750e-01	3.33697e+31
2.37500e-01	1.46250e-01	3.35416e+31
2.37500e-01	1.53750e-01	3.35273e+31
2.37500e-01	1.61250e-01	3.32928e+31
2.37500e-01	1.68750e-01	3.28743e+31
2.37500e-01	1.76250e-01	3.22530e+31
2.37500e-01	1.83750e-01	3.14517e+31
2.37500e-01	1.91250e-01	3.04879e+31
2.37500e-01	1.98750e-01	2.93746e+31
2.37500e-01	2.06250e-01	2.81201e+31
2.37500e-01	2.13750e-01	2.67345e+31
2.37500e-01	2.21250e-01	2.52279e+31
2.37500e-01	2.28750e-01	2.36098e+31
2.37500e-01	2.36250e-01	2.18887e+31
2.37500e-01	2.43750e-01	2.00722e+31
2.37500e-01	2.51250e-01	1.81672e+31
2.37500e-01	2.58750e-01	1.61797e+31
2.37500e-01	2.66250e-01	1.41143e+31
2.37500e-01	2.73750e-01	1.19736e+31
2.37500e-01	2.81250e-01	9.75800e+30
2.37500e-01	2.88750e-01	7.46496e+30
2.37500e-01	2.96250e-01	1.97463e+31

2.62500e-01	3.75000e-03	-1.78503e+33
2.62500e-01	1.12500e-02	8.33194e+31
2.62500e-01	1.87500e-02	5.22689e+30
2.62500e-01	2.62500e-02	6.90044e+30
2.62500e-01	3.37500e-02	8.50577e+30
2.62500e-01	4.12500e-02	1.00355e+31
2.62500e-01	4.87500e-02	1.14983e+31
2.62500e-01	5.62500e-02	1.28999e+31
2.62500e-01	6.37500e-02	1.42368e+31
2.62500e-01	7.12500e-02	1.55077e+31
2.62500e-01	7.87500e-02	1.67097e+31
2.62500e-01	8.62500e-02	1.77835e+31
2.62500e-01	9.37500e-02	1.87264e+31
2.62500e-01	1.01250e-01	1.95854e+31
2.62500e-01	1.08750e-01	2.03560e+31
2.62500e-01	1.16250e-01	2.10043e+31
2.62500e-01	1.23750e-01	2.15173e+31
2.62500e-01	1.31250e-01	2.18989e+31
2.62500e-01	1.38750e-01	2.21707e+31
2.62500e-01	1.46250e-01	2.23257e+31
2.62500e-01	1.53750e-01	2.23607e+31
2.62500e-01	1.61250e-01	2.22871e+31
2.62500e-01	1.68750e-01	2.20741e+31
2.62500e-01	1.76250e-01	2.17300e+31
2.62500e-01	1.83750e-01	2.12658e+31
2.62500e-01	1.91250e-01	2.06903e+31
2.62500e-01	1.98750e-01	2.00102e+31
2.62500e-01	2.06250e-01	1.92314e+31
2.62500e-01	2.13750e-01	1.83595e+31
2.62500e-01	2.21250e-01	1.73998e+31
2.62500e-01	2.28750e-01	1.63571e+31
2.62500e-01	2.36250e-01	1.52363e+31
2.62500e-01	2.43750e-01	1.40416e+31
2.62500e-01	2.51250e-01	1.27770e+31
2.62500e-01	2.58750e-01	1.14458e+31
2.62500e-01	2.66250e-01	1.00508e+31
2.62500e-01	2.73750e-01	8.59350e+30
2.62500e-01	2.81250e-01	7.07435e+30
2.62500e-01	2.88750e-01	5.49165e+30
2.62500e-01	2.96250e-01	1.53937e+31

2.87500e-01	3.75000e-03	-1.06690e+33
2.87500e-01	1.12500e-02	-2.28842e+32
2.87500e-01	1.87500e-02	4.13992e+30
2.87500e-01	2.62500e-02	5.01638e+30
2.87500e-01	3.37500e-02	5.92982e+30
2.87500e-01	4.12500e-02	6.82664e+30
2.87500e-01	4.87500e-02	7.71278e+30
2.87500e-01	5.62500e-02	8.59798e+30
2.87500e-01	6.37500e-02	9.42269e+30
2.87500e-01	7.12500e-02	1.02091e+31
2.87500e-01	7.87500e-02	1.09655e+31
2.87500e-01	8.62500e-02	1.16704e+31
2.87500e-01	9.37500e-02	1.23205e+31
2.87500e-01	1.01250e-01	1.28812e+31
2.87500e-01	1.08750e-01	1.33850e+31
2.87500e-01	1.16250e-01	1.38496e+31
2.87500e-01	1.23750e-01	1.42069e+31
2.87500e-01	1.31250e-01	1.44755e+31
2.87500e-01	1.38750e-01	1.46862e+31
2.87500e-01	1.46250e-01	1.48041e+31
2.87500e-01	1.53750e-01	1.48605e+31
2.87500e-01	1.61250e-01	1.48680e+31
2.87500e-01	1.68750e-01	1.47774e+31
2.87500e-01	1.76250e-01	1.45904e+31
2.87500e-01	1.83750e-01	1.43216e+31
2.87500e-01	1.91250e-01	1.39780e+31
2.87500e-01	1.98750e-01	1.35639e+31
2.87500e-01	2.06250e-01	1.30822e+31
2.87500e-01	2.13750e-01	1.25356e+31
2.87500e-01	2.21250e-01	1.19266e+31
2.87500e-01	2.28750e-01	1.12580e+31
2.87500e-01	2.36250e-01	1.05321e+31
2.87500e-01	2.43750e-01	9.75126e+30
2.87500e-01	2.51250e-01	8.91775e+30
2.87500e-01	2.58750e-01	8.03346e+30
2.87500e-01	2.66250e-01	7.09995e+30
2.87500e-01	2.73750e-01	6.11823e+30
2.87500e-01	2.81250e-01	5.08844e+30
2.87500e-01	2.88750e-01	4.00938e+30
2.87500e-01	2.96250e-01	1.17310e+31

3.12500e-01	3.75000e-03	-1.24340e+33
3.12500e-01	1.12500e-02	1.68284e+32
3.12500e-01	1.87500e-02	2.50636e+30
3.12500e-01	2.62500e-02	3.14713e+30
3.12500e-01	3.37500e-02	3.76445e+30
3.12500e-01	4.12500e-02	4.37257e+30
3.12500e-01	4.87500e-02	4.98230e+30
3.12500e-01	5.62500e-02	5.56806e+30
3.12500e-01	6.37500e-02	6.11318e+30
3.12500e-01	7.12500e-02	6.61714e+30
3.12500e-01	7.87500e-02	7.08312e+30
3.12500e-01	8.62500e-02	7.51495e+30
3.12500e-01	9.37500e-02	7.93998e+30
3.12500e-01	1.01250e-01	8.33459e+30
3.12500e-01	1.08750e-01	8.66120e+30
3.12500e-01	1.16250e-01	8.94087e+30
3.12500e-01	1.23750e-01	9.18465e+30
3.12500e-01	1.31250e-01	9.40453e+30
3.12500e-01	1.38750e-01	9.58178e+30
3.12500e-01	1.46250e-01	9.71177e+30
3.12500e-01	1.53750e-01	9.77507e+30
3.12500e-01	1.61250e-01	9.76842e+30
3.12500e-01	1.68750e-01	9.71533e+30
3.12500e-01	1.76250e-01	9.62030e+30
3.12500e-01	1.83750e-01	9.47707e+30
3.12500e-01	1.91250e-01	9.28454e+30
3.12500e-01	1.98750e-01	9.04344e+30
3.12500e-01	2.06250e-01	8.75520e+30
3.12500e-01	2.13750e-01	8.42141e+30
3.12500e-01	2.21250e-01	8.04371e+30
3.12500e-01	2.28750e-01	7.62369e+30
3.12500e-01	2.36250e-01	7.16288e+30
3.12500e-01	2.43750e-01	6.66270e+30
3.12500e-01	2.51250e-01	6.12446e+30
3.12500e-01	2.58750e-01	5.54930e+30
3.12500e-01	2.66250e-01	4.93809e+30
3.12500e-01	2.73750e-01	4.29136e+30
3.12500e-01	2.81250e-01	3.60904e+30
3.12500e-01	2.88750e-01	2.89011e+30
3.12500e-01	2.96250e-01	8.81397e+30

3.37500e-01	3.75000e-03	-8.63609e+32
3.37500e-01	1.12500e-02	2.62025e+31
3.37500e-01	1.87500e-02	1.59089e+30
3.37500e-01	2.62500e-02	1.95182e+30
3.37500e-01	3.37500e-02	2.29792e+30
3.37500e-01	4.12500e-02	2.63223e+30
3.37500e-01	4.87500e-02	2.97367e+30
3.37500e-01	5.62500e-02	3.32388e+30
3.37500e-01	6.37500e-02	3.66822e+30
3.37500e-01	7.12500e-02	3.97415e+30
3.37500e-01	7.87500e-02	4.26690e+30
3.37500e-01	8.62500e-02	4.56145e+30
3.37500e-01	9.37500e-02	4.83076e+30
3.37500e-01	1.01250e-01	5.07678e+30
3.37500e-01	1.08750e-01	5.29198e+30
3.37500e-01	1.16250e-01	5.48321e+30
3.37500e-01	1.23750e-01	5.67182e+30
3.37500e-01	1.31250e-01	5.85014e+30
3.37500e-01	1.38750e-01	5.99404e+30
3.37500e-01	1.46250e-01	6.08750e+30
3.37500e-01	1.53750e-01	6.14086e+30
3.37500e-01	1.61250e-01	6.16550e+30
3.37500e-01	1.68750e-01	6.15865e+30
3.37500e-01	1.76250e-01	6.11936e+30
3.37500e-01	1.83750e-01	6.04795e+30
3.37500e-01	1.91250e-01	5.94461e+30
3.37500e-01	1.98750e-01	5.80978e+30
3.37500e-01	2.06250e-01	5.64412e+30
3.37500e-01	2.13750e-01	5.44849e+30
3.37500e-01	2.21250e-01	5.22384e+30
3.37500e-01	2.28750e-01	4.97118e+30
3.37500e-01	2.36250e-01	4.69148e+30
3.37500e-01	2.43750e-01	4.38563e+30
3.37500e-01	2.51250e-01	4.05442e+30
3.37500e-01	2.58750e-01	3.69848e+30
3.37500e-01	2.66250e-01	3.31820e+30
3.37500e-01	2.73750e-01	2.91370e+30
3.37500e-01	2.81250e-01	2.48460e+30
3.37500e-01	2.88750e-01	2.02984e+30
3.37500e-01	2.96250e-01	6.50443e+30

3.62500e-01	3.75000e-03	-7.23732e+32
3.62500e-01	1.12500e-02	9.88083e+31
3.62500e-01	1.87500e-02	7.99931e+29
3.62500e-01	2.62500e-02	1.00923e+30
3.62500e-01	3.37500e-02	1.17870e+30
3.62500e-01	4.12500e-02	1.34192e+30
3.62500e-01	4.87500e-02	1.49305e+30
3.62500e-01	5.62500e-02	1.64679e+30
3.62500e-01	6.37500e-02	1.82023e+30
3.62500e-01	7.12500e-02	1.99353e+30
3.62500e-01	7.87500e-02	2.14548e+30
3.62500e-01	8.62500e-02	2.28916e+30
3.62500e-01	9.37500e-02	2.42810e+30
3.62500e-01	1.01250e-01	2.58232e+30
3.62500e-01	1.08750e-01	2.75968e+30
3.62500e-01	1.16250e-01	2.92001e+30
3.62500e-01	1.23750e-01	3.04722e+30
3.62500e-01	1.31250e-01	3.15743e+30
3.62500e-01	1.38750e-01	3.27146e+30
3.62500e-01	1.46250e-01	3.37670e+30
3.62500e-01	1.53750e-01	3.45205e+30
3.62500e-01	1.61250e-01	3.50135e+30
3.62500e-01	1.68750e-01	3.52470e+30
3.62500e-01	1.76250e-01	3.52447e+30
3.62500e-01	1.83750e-01	3.50197e+30
3.62500e-01	1.91250e-01	3.45784e+30
3.62500e-01	1.98750e-01	3.39280e+30
3.62500e-01	2.06250e-01	3.30783e+30
3.62500e-01	2.13750e-01	3.20414e+30
3.62500e-01	2.21250e-01	3.08301e+30
3.62500e-01	2.28750e-01	2.94572e+30
3.62500e-01	2.36250e-01	2.79337e+30
3.62500e-01	2.43750e-01	2.62688e+30
3.62500e-01	2.51250e-01	2.44689e+30
3.62500e-01	2.58750e-01	2.25373e+30
3.62500e-01	2.66250e-01	2.04742e+30
3.62500e-01	2.73750e-01	1.82763e+30
3.62500e-01	2.81250e-01	1.59353e+30
3.62500e-01	2.88750e-01	1.34371e+30
3.62500e-01	2.96250e-01	4.65063e+30

3.87500e-01	3.75000e-03	-3.10733e+32
3.87500e-01	1.12500e-02	-1.03623e+32
3.87500e-01	1.87500e-02	4.81544e+29
3.87500e-01	2.62500e-02	3.37441e+29
3.87500e-01	3.37500e-02	2.51726e+29
3.87500e-01	4.12500e-02	2.10183e+29
3.87500e-01	4.87500e-02	1.93022e+29
3.87500e-01	5.62500e-02	1.82798e+29
3.87500e-01	6.37500e-02	1.92618e+29
3.87500e-01	7.12500e-02	2.33216e+29
3.87500e-01	7.87500e-02	2.95503e+29
3.87500e-01	8.62500e-02	3.77896e+29
3.87500e-01	9.37500e-02	4.71827e+29
3.87500e-01	1.01250e-01	5.63463e+29
3.87500e-01	1.08750e-01	6.60718e+29
3.87500e-01	1.16250e-01	7.71835e+29
3.87500e-01	1.23750e-01	8.92344e+29
3.87500e-01	1.31250e-01	1.00400e+30
3.87500e-01	1.38750e-01	1.11046e+30
3.87500e-01	1.46250e-01	1.21231e+30
3.87500e-01	1.53750e-01	1.29762e+30
3.87500e-01	1.61250e-01	1.37543e+30
3.87500e-01	1.68750e-01	1.43813e+30
3.87500e-01	1.76250e-01	1.47883e+30
3.87500e-01	1.83750e-01	1.49663e+30
3.87500e-01	1.91250e-01	1.49315e+30
3.87500e-01	1.98750e-01	1.47134e+30
3.87500e-01	2.06250e-01	1.43486e+30
3.87500e-01	2.13750e-01	1.38745e+30
3.87500e-01	2.21250e-01	1.33259e+30
3.87500e-01	2.28750e-01	1.27324e+30
3.87500e-01	2.36250e-01	1.21162e+30
3.87500e-01	2.43750e-01	1.14926e+30
3.87500e-01	2.51250e-01	1.08692e+30
3.87500e-01	2.58750e-01	1.02468e+30
3.87500e-01	2.66250e-01	9.62003e+29
3.87500e-01	2.73750e-01	8.97770e+29
3.87500e-01	2.81250e-01	8.30306e+29
3.87500e-01	2.88750e-01	7.57342e+29
3.87500e-01	2.96250e-01	3.11181e+30

4.12500e-01	3.75000e-03	-3.06772e+32
4.12500e-01	1.12500e-02	1.45981e+31
4.12500e-01	1.87500e-02	-2.64981e+29
4.12500e-01	2.62500e-02	-5.74347e+29
4.12500e-01	3.37500e-02	-8.45496e+29
4.12500e-01	4.12500e-02	-1.08416e+30
4.12500e-01	4.87500e-02	-1.27962e+30
4.12500e-01	5.62500e-02	-1.43107e+30
4.12500e-01	6.37500e-02	-1.54413e+30
4.12500e-01	7.12500e-02	-1.60237e+30
4.12500e-01	7.87500e-02	-1.60533e+30
4.12500e-01	8.62500e-02	-1.58302e+30
4.12500e-01	9.37500e-02	-1.53669e+30
4.12500e-01	1.01250e-01	-1.46383e+30
4.12500e-01	1.08750e-01	-1.37211e+30
4.12500e-01	1.16250e-01	-1.25517e+30
4.12500e-01	1.23750e-01	-1.11588e+30
4.12500e-01	1.31250e-01	-9.68505e+29
4.12500e-01	1.38750e-01	-8.20501e+29
4.12500e-01	1.46250e-01	-6.55757e+29
4.12500e-01	1.53750e-01	-4.79805e+29
4.12500e-01	1.61250e-01	-3.25938e+29
4.12500e-01	1.68750e-01	-2.14627e+29
4.12500e-01	1.76250e-01	-1.47447e+29
4.12500e-01	1.83750e-01	-1.21260e+29
4.12500e-01	1.91250e-01	-1.28323e+29
4.12500e-01	1.98750e-01	-1.58021e+29
4.12500e-01	2.06250e-01	-1.98981e+29
4.12500e-01	2.13750e-01	-2.40726e+29
4.12500e-01	2.21250e-01	-2.74647e+29
4.12500e-01	2.28750e-01	-2.94406e+29
4.12500e-01	2.36250e-01	-2.95940e+29
4.12500e-01	2.43750e-01	-2.77238e+29
4.12500e-01	2.51250e-01	-2.38011e+29
4.12500e-01	2.58750e-01	-1.79346e+29
4.12500e-01	2.66250e-01	-1.03393e+29
4.12500e-01	2.73750e-01	-1.31138e+28
4.12500e-01	2.81250e-01	8.78935e+28
4.12500e-01	2.88750e-01	1.95499e+29
4.12500e-01	2.96250e-01	1.75246e+30

4.37500e-01	3.75000e-03	-2.19763e+32
4.37500e-01	1.12500e-02	4.70780e+31
4.37500e-01	1.87500e-02	-1.28801e+30
4.37500e-01	2.62500e-02	-1.86689e+30
4.37500e-01	3.37500e-02	-2.42891e+30
4.37500e-01	4.12500e-02	-2.93976e+30
4.37500e-01	4.87500e-02	-3.36102e+30
4.37500e-01	5.62500e-02	-3.66301e+30
4.37500e-01	6.37500e-02	-3.85532e+30
4.37500e-01	7.12500e-02	-3.95126e+30
4.37500e-01	7.87500e-02	-3.95955e+30
4.37500e-01	8.62500e-02	-3.90158e+30
4.37500e-01	9.37500e-02	-3.79192e+30
4.37500e-01	1.01250e-01	-3.67750e+30
4.37500e-01	1.08750e-01	-3.56515e+30
4.37500e-01	1.16250e-01	-3.44516e+30
4.37500e-01	1.23750e-01	-3.31076e+30
4.37500e-01	1.31250e-01	-3.11916e+30
4.37500e-01	1.38750e-01	-2.83340e+30
4.37500e-01	1.46250e-01	-2.45081e+30
4.37500e-01	1.53750e-01	-2.03394e+30
4.37500e-01	1.61250e-01	-1.65925e+30
4.37500e-01	1.68750e-01	-1.41454e+30
4.37500e-01	1.76250e-01	-1.32383e+30
4.37500e-01	1.83750e-01	-1.36392e+30
4.37500e-01	1.91250e-01	-1.49050e+30
4.37500e-01	1.98750e-01	-1.65670e+30
4.37500e-01	2.06250e-01	-1.82274e+30
4.37500e-01	2.13750e-01	-1.95935e+30
4.37500e-01	2.21250e-01	-2.04766e+30
4.37500e-01	2.28750e-01	-2.07748e+30
4.37500e-01	2.36250e-01	-2.04526e+30
4.37500e-01	2.43750e-01	-1.95203e+30
4.37500e-01	2.51250e-01	-1.80189e+30
4.37500e-01	2.58750e-01	-1.60078e+30
4.37500e-01	2.66250e-01	-1.35564e+30
4.37500e-01	2.73750e-01	-1.07391e+30
4.37500e-01	2.81250e-01	-7.63146e+29
4.37500e-01	2.88750e-01	-4.30926e+29
4.37500e-01	2.96250e-01	4.34795e+29

4.62500e-01	3.75000e-03	1.77715e+32
4.62500e-01	1.12500e-02	-2.25623e+32
4.62500e-01	1.87500e-02	-2.63858e+30
4.62500e-01	2.62500e-02	-3.56678e+30
4.62500e-01	3.37500e-02	-4.74428e+30
4.62500e-01	4.12500e-02	-6.01692e+30
4.62500e-01	4.87500e-02	-6.92460e+30
4.62500e-01	5.62500e-02	-7.19173e+30
4.62500e-01	6.37500e-02	-7.52912e+30
4.62500e-01	7.12500e-02	-7.62984e+30
4.62500e-01	7.87500e-02	-7.14445e+30
4.62500e-01	8.62500e-02	-6.69355e+30
4.62500e-01	9.37500e-02	-6.15078e+30
4.62500e-01	1.01250e-01	-6.11075e+30
4.62500e-01	1.08750e-01	-6.18493e+30
4.62500e-01	1.16250e-01	-6.00926e+30
4.62500e-01	1.23750e-01	-6.21383e+30
4.62500e-01	1.31250e-01	-6.42303e+30
4.62500e-01	1.38750e-01	-6.02734e+30
4.62500e-01	1.46250e-01	-4.68867e+30
4.62500e-01	1.53750e-01	-3.19445e+30
4.62500e-01	1.61250e-01	-1.65027e+30
4.62500e-01	1.68750e-01	-1.00027e+30
4.62500e-01	1.76250e-01	-1.14008e+30
4.62500e-01	1.83750e-01	-1.74072e+30
4.62500e-01	1.91250e-01	-2.51302e+30
4.62500e-01	1.98750e-01	-3.26401e+30
4.62500e-01	2.06250e-01	-3.88603e+30
4.62500e-01	2.13750e-01	-4.33114e+30
4.62500e-01	2.21250e-01	-4.58818e+30
4.62500e-01	2.28750e-01	-4.66615e+30
4.62500e-01	2.36250e-01	-4.58371e+30
4.62500e-01	2.43750e-01	-4.36285e+30
4.62500e-01	2.51250e-01	-4.02561e+30
4.62500e-01	2.58750e-01	-3.59239e+30
4.62500e-01	2.66250e-01	-3.08140e+30
4.62500e-01	2.73750e-01	-2.50860e+30
4.62500e-01	2.81250e-01	-1.88785e+30
4.62500e-01	2.88750e-01	-1.23129e+30
4.62500e-01	2.96250e-01	-9.51316e+29

4.87500e-01	3.75000e-03	-2.80525e+32
4.87500e-01	1.12500e-02	2.16830e+32
4.87500e-01	1.87500e-02	-1.11161e+31
4.87500e-01	2.62500e-02	-2.74147e+30
4.87500e-01	3.37500e-02	-6.25095e+30
4.87500e-01	4.12500e-02	-1.33861e+31
4.87500e-01	4.87500e-02	-1.79249e+31
4.87500e-01	5.62500e-02	-1.03739e+31
4.87500e-01	6.37500e-02	-1.41867e+31
4.87500e-01	7.12500e-02	-1.79686e+31
4.87500e-01	7.87500e-02	-1.02712e+31
4.87500e-01	8.62500e-02	-1.10784e+31
4.87500e-01	9.37500e-02	-3.47583e+30
4.87500e-01	1.01250e-01	-7.54141e+30
4.87500e-01	1.08750e-01	-1.18597e+31
4.87500e-01	1.16250e-01	-4.81751e+30
4.87500e-01	1.23750e-01	-9.37777e+30
4.87500e-01	1.31250e-01	-1.67113e+31
4.87500e-01	1.38750e-01	-2.00573e+31
4.87500e-01	1.46250e-01	-8.83404e+30
4.87500e-01	1.53750e-01	-4.91291e+30
4.87500e-01	1.61250e-01	8.22119e+30
4.87500e-01	1.68750e-01	8.09242e+30
4.87500e-01	1.76250e-01	4.03536e+30
4.87500e-01	1.83750e-01	-3.78827e+29
4.87500e-01	1.91250e-01	-3.98089e+30
4.87500e-01	1.98750e-01	-6.54606e+30
4.87500e-01	2.06250e-01	-8.17944e+30
4.87500e-01	2.13750e-01	-9.06906e+30
4.87500e-01	2.21250e-01	-9.39563e+30
4.87500e-01	2.28750e-01	-9.30625e+30
4.87500e-01	2.36250e-01	-8.91246e+30
4.87500e-01	2.43750e-01	-8.29598e+30
4.87500e-01	2.51250e-01	-7.51585e+30
4.87500e-01	2.58750e-01	-6.61462e+30
4.87500e-01	2.66250e-01	-5.62322e+30
4.87500e-01	2.73750e-01	-4.56451e+30
4.87500e-01	2.81250e-01	-3.45575e+30
4.87500e-01	2.88750e-01	-2.31018e+30
4.87500e-01	2.96250e-01	-2.25263e+30

